0.000000	0.000000
0.000000	0.000000
39.000000	0.197754
49.000000	0.483398
69.000000	0.769043
103.000000	1.318359
132.000000	2.021484
146.000000	2.790527
165.000000	3.669434
152.000000	4.636230
205.000000	5.712891
207.000000	6.921387
199.000000	8.173828
226.000000	9.448242
243.000000	10.854492
259.000000	12.370605
266.000000	13.974609
294.000000	15.666504
302.000000	17.446289
347.000000	19.357910
319.000000	21.225586
333.000000	23.159180
337.000000	25.158691
359.000000	27.224121
358.000000	29.355469
351.000000	31.530762
363.000000	33.750000
399.000000	36.057129
401.000000	38.364258
402.000000	40.627441
398.000000	43.000488
412.000000	45.505371
427.000000	47.988281
419.000000	50.493164
433.000000	53.041992
407.000000	55.590820
430.000000	58.139648
444.000000	60.754395
469.000000	63.391113
451.000000	66.093750
443.000000	68.774414
449.000000	71.455078
463.000000	74.179688
455.000000	76.948242
459.000000	79.738770
466.000000	82.485352
459.000000	85.275879
489.000000	88.044434
486.000000	90.900879
509.000000	93.779297
450.000000	96.657715
471.000000	99.558105
490.000000	102.414551
501.000000	105.380859
528.000000	108.303223
480.000000	111.269531
508.000000	114.235840
505.000000	117.202148
519.000000	120.234375
537.000000	123.244629
505.000000	126.276855
478.000000	129.309082
508.000000	132.319336
531.000000	135.439453
529.000000	138.537598
504.000000	141.679688
532.000000	144.821777
509.000000	147.875977
525.000000	151.018066
507.000000	154.160156
547.000000	157.280273
535.000000	160.422363
538.000000	163.542480
538.000000	166.706543
543.000000	169.914551
539.000000	173.100586
512.000000	176.308594
547.000000	179.516602
559.000000	182.768555
532.000000	186.020508
547.000000	189.272461
539.000000	192.546387
577.000000	-164.135742
526.000000	-160.817871
540.000000	-157.478027
556.000000	-154.160156
557.000000	-150.820313
571.000000	-147.436523
557.000000	-144.096680
571.000000	-140.734863
589.000000	-137.373047
566.000000	-133.945313
591.000000	-130.561523
569.000000	-127.155762
566.000000	-123.771973
527.000000	-120.366211
598.000000	-116.916504
603.000000	-113.444824
568.000000	-110.039063
576.000000	-106.633301
594.000000	-103.161621
589.000000	-99.733887
553.000000	-96.306152
577.000000	-92.878418
579.000000	-89.450684
574.000000	-86.000977
597.000000	-82.595215
568.000000	-79.233398
605.000000	-75.827637
516.000000	-72.399902
568.000000	-69.038086
576.000000	-65.698242
529.000000	-62.358398
561.000000	-59.018555
547.000000	-55.678711
571.000000	-52.382813
559.000000	-49.042969
566.000000	-45.725098
571.000000	-42.319336
578.000000	-39.001465
536.000000	-35.683594
527.000000	-32.453613
547.000000	-29.179688
546.000000	-25.905762
548.000000	-22.675781
517.000000	-19.445801
554.000000	-16.215820
569.000000	-13.007813
533.000000	-9.777832
517.000000	-6.569824
539.000000	-3.383789
542.000000	-0.175781
538.000000	3.054199
549.000000	6.240234
558.000000	9.448242
479.000000	12.612305
541.000000	15.864258
566.000000	19.094238
559.000000	22.280273
520.000000	25.488281
547.000000	28.696289
552.000000	31.904297
538.000000	35.112305
567.000000	38.298340
541.000000	41.484375
559.000000	44.670410
536.000000	47.900391
528.000000	51.108398
536.000000	54.316406
554.000000	57.524414
498.000000	60.688477
557.000000	63.896484
524.000000	67.082520
559.000000	70.268555
542.000000	73.410645
520.000000	76.640625
559.000000	79.826660
533.000000	82.990723
545.000000	86.132813
558.000000	89.296875
556.000000	92.504883
539.000000	95.690918
538.000000	98.876953
516.000000	102.041016
549.000000	105.249023
531.000000	108.479004
527.000000	111.665039
551.000000	114.873047
569.000000	118.059082
547.000000	121.311035
550.000000	124.541016
539.000000	127.727051
547.000000	130.979004
548.000000	134.208984
547.000000	137.482910
573.000000	140.800781
518.000000	144.052734
527.000000	147.304688
583.000000	150.578613
569.000000	153.830566
523.000000	157.060547
556.000000	160.356445
579.000000	163.586426
544.000000	166.904297
536.000000	170.200195
558.000000	173.496094
556.000000	176.813965
559.000000	180.109863
550.000000	183.449707
566.000000	186.811523
579.000000	190.151367
551.000000	193.491211
566.000000	-163.081055
580.000000	-159.675293
579.000000	-156.291504
547.000000	-152.907715
580.000000	-149.436035
588.000000	-145.986328
578.000000	-142.580566
538.000000	-139.152832
585.000000	-135.681152
593.000000	-132.231445
548.000000	-128.781738
587.000000	-125.332031
594.000000	-121.860352
609.000000	-118.388672
585.000000	-114.851074
576.000000	-111.357422
579.000000	-107.907715
565.000000	-104.414063
555.000000	-100.898438
567.000000	-97.426758
586.000000	-93.955078
589.000000	-90.483398
582.000000	-86.989746
585.000000	-83.540039
589.000000	-80.068359
561.000000	-76.684570
585.000000	-73.168945
580.000000	-69.785156
558.000000	-66.401367
578.000000	-63.017578
579.000000	-59.655762
599.000000	-56.250000
557.000000	-52.932129
539.000000	-49.570313
567.000000	-46.208496
582.000000	-42.780762
529.000000	-39.418945
555.000000	-36.079102
553.000000	-32.783203
579.000000	-29.487305
524.000000	-26.191406
526.000000	-22.939453
549.000000	-19.687500
535.000000	-16.435547
526.000000	-13.205566
538.000000	-9.953613
555.000000	-6.723633
549.000000	-3.493652
541.000000	-0.263672
535.000000	2.966309
549.000000	6.174316
552.000000	9.382324
547.000000	12.568359
550.000000	15.820313
548.000000	19.072266
557.000000	22.280273
520.000000	25.510254
558.000000	28.740234
536.000000	31.948242
519.000000	35.178223
546.000000	38.364258
543.000000	41.550293
509.000000	44.780273
576.000000	48.010254
542.000000	51.218262
559.000000	54.448242
524.000000	57.634277
526.000000	60.842285
547.000000	64.028320
495.000000	67.236328
507.000000	70.422363
547.000000	73.586426
525.000000	76.794434
529.000000	79.980469
521.000000	83.166504
517.000000	86.330566
549.000000	89.494629
522.000000	92.702637
527.000000	95.910645
569.000000	99.118652
518.000000	102.260742
538.000000	105.490723
549.000000	108.698730
537.000000	111.862793
526.000000	115.092773
519.000000	118.278809
547.000000	121.530762
553.000000	124.760742
539.000000	127.968750
546.000000	131.176758
572.000000	134.428711
569.000000	137.724609
535.000000	141.020508
537.000000	144.294434
527.000000	147.546387
556.000000	150.820313
517.000000	154.072266
527.000000	157.324219
545.000000	160.598145
569.000000	163.850098
521.000000	167.145996
566.000000	170.463867
569.000000	173.759766
543.000000	177.011719
567.000000	180.351563
549.000000	183.691406
577.000000	187.031250
566.000000	190.393066
559.000000	193.754883
578.000000	-162.839355
576.000000	-159.433594
550.000000	-156.027832
595.000000	-152.622070
572.000000	-149.194336
589.000000	-145.722656
585.000000	-142.316895
572.000000	-138.889160
609.000000	-135.417480
575.000000	-131.967773
557.000000	-128.518066
586.000000	-125.068359
576.000000	-121.618652
557.000000	-118.146973
576.000000	-114.631348
614.000000	-111.159668
589.000000	-107.709961
563.000000	-104.216309
594.000000	-100.722656
599.000000	-97.250977
543.000000	-93.779297
587.000000	-90.329590
579.000000	-86.857910
578.000000	-83.408203
556.000000	-79.980469
578.000000	-76.596680
587.000000	-73.081055
578.000000	-69.719238
541.000000	-66.357422
566.000000	-62.995605
581.000000	-59.633789
541.000000	-56.271973
565.000000	-52.954102
552.000000	-49.636230
589.000000	-46.274414
566.000000	-42.868652
538.000000	-39.506836
569.000000	-36.166992
536.000000	-32.893066
517.000000	-29.619141
565.000000	-26.323242
544.000000	-23.071289
549.000000	-19.819336
511.000000	-16.589355
554.000000	-13.337402
549.000000	-10.107422
543.000000	-6.877441
538.000000	-3.669434
529.000000	-0.417480
558.000000	2.812500
530.000000	5.998535
539.000000	9.250488
546.000000	12.436523
538.000000	15.688477
541.000000	18.918457
536.000000	22.126465
532.000000	25.356445
520.000000	28.564453
517.000000	31.794434
551.000000	35.024414
539.000000	38.232422
515.000000	41.396484
539.000000	44.648438
569.000000	47.878418
527.000000	51.086426
498.000000	54.316406
546.000000	57.502441
535.000000	60.710449
559.000000	63.896484
508.000000	67.082520
543.000000	70.290527
559.000000	73.454590
502.000000	76.662598
509.000000	79.848633
538.000000	83.034668
548.000000	86.198730
547.000000	89.340820
548.000000	92.526855
526.000000	95.734863
549.000000	98.920898
520.000000	102.084961
547.000000	105.292969
539.000000	108.500977
511.000000	111.687012
527.000000	114.873047
552.000000	118.059082
559.000000	121.289063
547.000000	124.519043
538.000000	127.705078
569.000000	130.913086
557.000000	134.143066
508.000000	137.416992
527.000000	140.690918
534.000000	143.964844
539.000000	147.194824
556.000000	150.424805
562.000000	153.676758
569.000000	156.928711
565.000000	160.180664
538.000000	163.410645
548.000000	166.684570
534.000000	169.980469
526.000000	173.276367
548.000000	176.550293
577.000000	179.846191
559.000000	183.186035
562.000000	186.525879
546.000000	189.843750
569.000000	193.183594
552.000000	-163.432617
565.000000	-160.048828
580.000000	-156.665039
579.000000	-153.259277
578.000000	-149.831543
570.000000	-146.425781
568.000000	-142.998047
557.000000	-139.548340
579.000000	-136.120605
576.000000	-132.670898
583.000000	-129.199219
579.000000	-125.771484
575.000000	-122.299805
592.000000	-118.850098
609.000000	-115.334473
575.000000	-111.840820
566.000000	-108.391113
587.000000	-104.875488
575.000000	-101.381836
567.000000	-97.888184
587.000000	-94.416504
604.000000	-90.966797
589.000000	-87.495117
563.000000	-84.001465
575.000000	-80.573730
599.000000	-77.167969
562.000000	-73.652344
577.000000	-70.268555
580.000000	-66.862793
579.000000	-63.522949
557.000000	-60.139160
550.000000	-56.755371
548.000000	-53.415527
547.000000	-50.053711
550.000000	-46.713867
565.000000	-43.308105
563.000000	-39.924316
599.000000	-36.562500
546.000000	-33.288574
572.000000	-29.992676
559.000000	-26.718750
544.000000	-23.444824
506.000000	-20.192871
538.000000	-16.940918
545.000000	-13.688965
507.000000	-10.458984
547.000000	-7.229004
546.000000	-3.999023
559.000000	-0.769043
521.000000	2.438965
545.000000	5.668945
569.000000	8.898926
521.000000	12.062988
517.000000	15.292969
569.000000	18.566895
527.000000	21.752930
535.000000	24.982910
539.000000	28.168945
568.000000	31.420898
516.000000	34.650879
509.000000	37.814941
528.000000	41.022949
572.000000	44.230957
519.000000	47.438965
557.000000	50.668945
542.000000	53.876953
539.000000	57.062988
513.000000	60.270996
517.000000	63.479004
549.000000	66.643066
524.000000	69.851074
517.000000	72.993164
557.000000	76.201172
545.000000	79.409180
539.000000	82.551270
532.000000	85.737305
525.000000	88.857422
559.000000	92.087402
522.000000	95.273438
519.000000	98.437500
529.000000	101.623535
558.000000	104.809570
536.000000	108.061523
530.000000	111.225586
558.000000	114.433594
525.000000	117.619629
529.000000	120.871582
547.000000	124.101563
573.000000	127.309570
530.000000	130.517578
557.000000	133.725586
561.000000	137.021484
509.000000	140.141602
483.000000	143.151855
466.000000	146.140137
460.000000	148.886719
421.000000	151.501465
395.000000	154.050293
400.000000	156.467285
396.000000	158.752441
359.000000	160.949707
337.000000	163.015137
436.000000	165.410156
409.000000	167.893066
389.000000	170.332031
401.000000	172.749023
481.000000	175.319824
448.000000	177.890625
442.000000	180.505371
461.000000	183.208008
488.000000	186.064453
474.000000	188.898926
550.000000	192.041016
547.000000	-164.509277
433.000000	-161.608887
499.000000	-158.686523
576.000000	-155.478516
552.000000	-152.182617
409.000000	-149.414063
422.000000	-146.909180
608.000000	-143.591309
557.000000	-140.097656
360.000000	-137.614746
527.000000	-134.582520
666.000000	-130.891113
583.000000	-127.243652
429.000000	-124.277344
522.000000	-121.486816
626.000000	-118.168945
609.000000	-114.543457
369.000000	-111.818848
470.000000	-109.291992
569.000000	-106.149902
497.000000	-102.919922
454.000000	-100.041504
372.000000	-97.646484
506.000000	-94.790039
505.000000	-91.691895
448.000000	-88.923340
478.000000	-86.088867
512.000000	-83.166504
569.000000	-79.914551
516.000000	-76.904297
463.000000	-74.003906
459.000000	-71.345215
535.000000	-68.356934
405.000000	-65.632324
489.000000	-62.907715
525.000000	-59.875488
497.000000	-57.084961
489.000000	-53.964844
465.000000	-51.130371
569.000000	-47.988281
471.000000	-45.043945
578.000000	-41.770020
559.000000	-38.496094
533.000000	-35.200195
577.000000	-31.772461
619.000000	-28.059082
576.000000	-24.609375
640.000000	-20.895996
598.000000	-17.402344
556.000000	-14.018555
549.000000	-10.744629
500.000000	-7.558594
488.000000	-4.570313
453.000000	-1.801758
449.000000	0.878906
420.000000	3.471680
492.000000	6.240234
389.000000	8.657227
443.000000	11.271973
426.000000	13.930664
508.000000	16.721191
412.000000	19.467773
466.000000	22.236328
458.000000	25.114746
554.000000	28.059082
479.000000	30.937500
420.000000	33.486328
488.000000	36.210938
459.000000	38.803711
451.000000	41.396484
381.000000	43.813477
480.000000	46.384277
536.000000	49.548340
489.000000	52.580566
500.000000	55.568848
507.000000	58.535156
559.000000	61.677246
469.000000	64.775391
508.000000	67.719727
403.000000	70.488281
558.000000	73.344727
556.000000	76.750488
472.000000	79.694824
539.000000	82.683105
567.000000	86.022949
640.000000	89.692383
488.000000	92.966309
525.000000	95.976563
640.000000	99.624023
596.000000	103.293457
455.000000	106.391602
599.000000	109.665527
615.000000	113.291016
520.000000	116.740723
599.000000	120.036621
503.000000	123.178711
656.000000	126.628418
548.000000	130.056152
507.000000	133.022461
599.000000	136.362305
675.000000	140.009766
497.000000	143.063965
449.000000	146.052246
540.000000	149.216309
497.000000	152.380371
512.000000	155.368652
398.000000	158.005371
527.000000	161.125488
531.000000	164.377441
439.000000	167.124023
516.000000	170.244141
508.000000	173.430176
557.000000	176.813965
474.000000	179.868164
549.000000	183.032227
624.000000	186.679688
593.000000	190.283203
449.000000	193.139648
533.000000	-163.718262
642.000000	-160.092773
479.000000	-156.994629
339.000000	-154.555664
445.000000	-151.984863
646.000000	-148.710938
487.000000	-145.458984
349.000000	-143.129883
587.000000	-140.339355
725.000000	-136.757813
509.000000	-133.571777
387.000000	-131.022949
596.000000	-128.056641
550.000000	-124.672852
572.000000	-121.442871
517.000000	-118.300781
472.000000	-115.202637
578.000000	-112.148438
629.000000	-108.522949
549.000000	-104.963379
428.000000	-102.062988
588.000000	-98.898926
752.000000	-94.855957
527.000000	-91.252441
356.000000	-88.483887
639.000000	-85.231934
616.000000	-81.584473
503.000000	-78.508301
519.000000	-75.344238
441.000000	-72.333984
587.000000	-69.082031
508.000000	-65.720215
427.000000	-63.039551
405.000000	-60.622559
557.000000	-57.612305
426.000000	-54.843750
449.000000	-52.338867
439.000000	-49.658203
507.000000	-46.867676
489.000000	-44.121094
429.000000	-41.440430
449.000000	-38.715820
481.000000	-35.925293
498.000000	-33.046875
526.000000	-29.992676
468.000000	-27.026367
607.000000	-23.774414
568.000000	-20.368652
509.000000	-17.094727
489.000000	-14.062500
563.000000	-10.810547
679.000000	-7.141113
419.000000	-4.108887
405.000000	-1.362305
709.000000	2.109375
565.000000	5.888672
354.000000	8.569336
596.000000	11.469727
724.000000	15.490723
577.000000	19.401855
449.000000	22.192383
674.000000	25.620117
659.000000	29.729004
562.000000	33.486328
565.000000	36.804199
549.000000	40.231934
583.000000	43.835449
702.000000	47.922363
560.000000	51.262207
469.000000	54.074707
545.000000	57.392578
519.000000	60.886230
538.000000	64.028320
423.000000	66.665039
458.000000	69.345703
566.000000	72.509766
532.000000	75.695801
359.000000	78.222656
527.000000	80.925293
552.000000	84.067383
549.000000	87.099609
412.000000	89.824219
385.000000	92.263184
517.000000	95.119629
535.000000	98.217773
425.000000	101.096191
352.000000	103.381348
525.000000	106.215820
659.000000	109.775391
430.000000	112.873535
322.000000	115.180664
559.000000	117.883301
542.000000	121.113281
449.000000	124.079590
275.000000	126.276855
488.000000	128.562012
495.000000	131.528320
519.000000	134.604492
329.000000	137.043457
494.000000	139.570313
611.000000	142.822266
546.000000	145.986328
365.000000	148.557129
359.000000	150.798340
477.000000	153.347168
512.000000	156.247559
319.000000	158.444824
185.000000	159.938965
476.000000	162.048340
381.000000	164.575195
267.000000	166.486816
263.000000	168.200684
390.000000	170.354004
515.000000	172.968750
289.000000	175.166016
338.000000	177.099609
322.000000	179.033203
539.000000	181.604004
440.000000	184.394531
342.000000	186.569824
431.000000	188.920898
627.000000	192.216797
464.000000	-164.575195
412.000000	-162.026367
487.000000	-159.411621
485.000000	-156.489258
499.000000	-153.369141
370.000000	-150.754395
414.000000	-148.469238
581.000000	-145.349121
468.000000	-142.360840
295.000000	-140.317383
409.000000	-138.186035
504.000000	-135.197754
456.000000	-132.143555
420.000000	-129.638672
556.000000	-126.848145
518.000000	-123.728027
507.000000	-120.563965
534.000000	-117.465820
539.000000	-114.279785
564.000000	-111.005859
534.000000	-107.709961
659.000000	-104.106445
615.000000	-100.327148
489.000000	-97.053223
668.000000	-93.427734
617.000000	-89.670410
650.000000	-85.957031
616.000000	-82.177734
576.000000	-78.793945
724.000000	-74.838867
590.000000	-71.059570
547.000000	-67.697754
611.000000	-64.160156
663.000000	-60.336914
517.000000	-56.975098
492.000000	-53.811035
699.000000	-50.075684
525.000000	-46.494141
568.000000	-43.110352
639.000000	-39.594727
651.000000	-35.749512
477.000000	-32.299805
663.000000	-28.564453
663.000000	-24.697266
659.000000	-20.764160
573.000000	-17.182617
692.000000	-13.271484
649.000000	-9.382324
544.000000	-6.020508
609.000000	-2.416992
568.000000	1.120605
646.000000	4.790039
607.000000	8.503418
530.000000	11.821289
676.000000	15.644531
639.000000	19.423828
530.000000	22.719727
527.000000	25.993652
651.000000	29.531250
480.000000	32.783203
565.000000	36.057129
609.000000	39.704590
559.000000	43.044434
527.000000	46.340332
640.000000	49.943848
669.000000	53.679199
566.000000	57.194824
528.000000	60.534668
703.000000	64.401855
603.000000	68.269043
509.000000	71.411133
677.000000	74.860840
662.000000	78.684082
589.000000	82.353516
586.000000	86.022949
675.000000	89.890137
744.000000	94.262695
627.000000	98.327637
627.000000	102.282715
656.000000	106.281738
716.000000	110.434570
729.000000	114.653320
562.000000	118.410645
712.000000	122.497559
768.000000	126.979980
573.000000	130.957031
633.000000	135.065918
708.000000	139.262695
709.000000	143.371582
557.000000	147.150879
569.000000	150.688477
598.000000	154.138184
640.000000	157.851563
488.000000	161.125488
497.000000	164.135742
611.000000	167.343750
539.000000	170.551758
493.000000	173.759766
503.000000	176.813965
579.000000	180.131836
565.000000	183.515625
546.000000	186.745605
587.000000	190.305176
605.000000	193.842773
577.000000	-162.663574
577.000000	-159.191895
615.000000	-155.654297
679.000000	-151.787109
501.000000	-148.403320
458.000000	-145.415039
590.000000	-142.075195
613.000000	-138.405762
439.000000	-135.307617
393.000000	-132.780762
629.000000	-129.396973
578.000000	-125.683594
498.000000	-122.629395
597.000000	-119.597168
598.000000	-115.993652
601.000000	-112.390137
477.000000	-109.204102
434.000000	-106.457520
559.000000	-103.249512
565.000000	-99.667969
424.000000	-96.635742
609.000000	-93.405762
596.000000	-89.604492
536.000000	-86.066895
469.000000	-82.902832
555.000000	-79.782715
619.000000	-76.245117
517.000000	-72.751465
446.000000	-69.960938
629.000000	-66.665039
593.000000	-63.083496
498.000000	-60.029297
551.000000	-56.887207
531.000000	-53.591309
625.000000	-50.009766
502.000000	-46.779785
669.000000	-43.154297
588.000000	-39.396973
581.000000	-35.573730
629.000000	-31.904297
587.000000	-28.234863
611.000000	-24.521484
712.000000	-20.544434
514.000000	-17.138672
519.000000	-13.974609
585.000000	-10.678711
582.000000	-7.294922
449.000000	-4.504395
370.000000	-1.977539
456.000000	0.703125
585.000000	3.889160
416.000000	6.789551
344.000000	9.140625
527.000000	11.865234
654.000000	15.139160
459.000000	18.039551
388.000000	20.610352
527.000000	23.510742
559.000000	26.740723
491.000000	29.685059
538.000000	32.695313
421.000000	35.507813
538.000000	38.452148
526.000000	41.638184
519.000000	44.648438
567.000000	47.878418
443.000000	50.844727
570.000000	54.162598
546.000000	57.568359
532.000000	60.754395
559.000000	64.138184
577.000000	67.631836
640.000000	71.367188
579.000000	74.860840
627.000000	78.486328
658.000000	82.463379
645.000000	86.352539
675.000000	90.241699
618.000000	94.108887
752.000000	98.283691
713.000000	102.656250
599.000000	106.435547
674.000000	110.434570
734.000000	114.565430
599.000000	118.432617
624.000000	122.387695
577.000000	126.057129
628.000000	129.616699
577.000000	133.220215
516.000000	136.604004
509.000000	139.746094
628.000000	143.107910
464.000000	146.250000
530.000000	149.392090
489.000000	152.446289
492.000000	155.412598
519.000000	158.312988
557.000000	161.433105
493.000000	164.509277
519.000000	167.563477
504.000000	170.705566
618.000000	174.177246
517.000000	177.473145
456.000000	180.351563
538.000000	183.361816
615.000000	186.899414
494.000000	190.173340
389.000000	192.722168
665.000000	-163.937988
723.000000	-159.829102
489.000000	-156.291504
552.000000	-153.193359
645.000000	-149.392090
726.000000	-145.261230
567.000000	-141.657715
433.000000	-138.779297
550.000000	-135.593262
675.000000	-131.989746
454.000000	-128.847656
356.000000	-126.452637
655.000000	-123.112793
483.000000	-119.772949
559.000000	-116.828613
430.000000	-113.950195
592.000000	-110.544434
529.000000	-107.248535
525.000000	-104.106445
557.000000	-100.656738
578.000000	-97.163086
556.000000	-93.801270
649.000000	-90.043945
527.000000	-86.484375
524.000000	-83.386230
579.000000	-80.090332
533.000000	-76.948242
576.000000	-73.520508
439.000000	-70.686035
471.000000	-67.917480
656.000000	-64.489746
568.000000	-61.083984
417.000000	-58.293457
454.000000	-55.480957
618.000000	-52.229004
536.000000	-49.042969
429.000000	-46.120605
408.000000	-43.593750
596.000000	-40.561523
532.000000	-37.287598
379.000000	-34.738770
341.000000	-32.629395
502.000000	-29.882813
499.000000	-26.762695
339.000000	-24.323730
456.000000	-21.796875
605.000000	-18.654785
515.000000	-15.270996
406.000000	-12.678223
458.000000	-10.041504
584.000000	-6.921387
519.000000	-3.625488
338.000000	-1.164551
623.000000	1.801758
629.000000	5.471191
369.000000	8.525391
509.000000	11.381836
568.000000	14.545898
636.000000	17.995605
429.000000	21.225586
440.000000	23.862305
666.000000	27.224121
669.000000	30.849609
408.000000	33.771973
566.000000	36.738281
531.000000	40.209961
531.000000	43.439941
458.000000	46.340332
462.000000	49.086914
579.000000	52.229004
525.000000	55.437012
385.000000	58.117676
537.000000	61.127930
567.000000	64.423828
477.000000	67.302246
439.000000	69.982910
534.000000	72.839355
579.000000	76.047363
482.000000	79.123535
524.000000	82.243652
609.000000	85.715332
564.000000	89.165039
637.000000	92.680664
538.000000	96.108398
616.000000	99.558105
559.000000	103.029785
519.000000	106.171875
605.000000	109.709473
559.000000	112.983398
459.000000	115.993652
605.000000	119.267578
630.000000	122.849121
470.000000	125.925293
497.000000	129.023438
619.000000	132.561035
619.000000	136.384277
526.000000	139.746094
579.000000	143.283691
648.000000	146.975098
619.000000	150.688477
579.000000	154.270020
527.000000	157.565918
623.000000	161.125488
629.000000	164.707031
512.000000	167.937012
623.000000	171.474609
589.000000	174.704590
503.000000	177.846680
505.000000	180.966797
588.000000	184.372559
466.000000	187.360840
547.000000	190.437012
626.000000	193.952637
615.000000	-162.509766
519.000000	-159.257813
613.000000	-155.720215
615.000000	-151.984863
619.000000	-148.359375
532.000000	-144.975586
527.000000	-141.723633
609.000000	-138.251953
538.000000	-134.934082
464.000000	-132.055664
437.000000	-129.309082
608.000000	-126.145020
464.000000	-123.244629
437.000000	-120.541992
566.000000	-117.333984
612.000000	-113.928223
529.000000	-110.698242
508.000000	-107.731934
533.000000	-104.589844
609.000000	-101.184082
513.000000	-97.866211
435.000000	-95.009766
528.000000	-92.065430
685.000000	-88.439941
445.000000	-85.231934
361.000000	-82.639160
545.000000	-79.606934
679.000000	-76.003418
449.000000	-72.707520
351.000000	-70.136719
639.000000	-67.104492
491.000000	-63.786621
459.000000	-60.996094
462.000000	-58.161621
528.000000	-55.151367
557.000000	-51.767578
501.000000	-48.691406
588.000000	-45.439453
423.000000	-42.583008
589.000000	-39.199219
536.000000	-35.661621
543.000000	-32.431641
579.000000	-28.959961
663.000000	-25.246582
700.000000	-21.181641
529.000000	-17.753906
535.000000	-14.348145
688.000000	-10.480957
645.000000	-6.394043
464.000000	-3.229980
618.000000	0.483398
732.000000	4.921875
545.000000	8.745117
559.000000	12.348633
757.000000	16.567383
713.000000	20.983887
579.000000	24.807129
665.000000	28.828125
801.000000	33.486328
736.000000	37.924805
778.000000	42.209473
765.000000	46.801758
745.000000	51.372070
837.000000	56.030273
784.000000	60.886230
641.000000	65.192871
684.000000	69.345703
848.000000	73.981934
673.000000	78.376465
585.000000	82.155762
730.000000	86.220703
769.000000	90.505371
699.000000	94.680176
649.000000	98.701172
645.000000	102.568359
648.000000	106.501465
638.000000	110.412598
547.000000	113.884277
546.000000	117.421875
649.000000	121.135254
552.000000	124.716797
584.000000	128.012695
659.000000	131.770020
554.000000	135.329590
626.000000	138.867188
549.000000	142.163086
637.000000	145.920410
516.000000	149.348145
510.000000	152.512207
686.000000	156.027832
609.000000	159.763184
560.000000	163.366699
585.000000	166.992188
631.000000	170.683594
703.000000	174.770508
566.000000	178.439941
512.000000	181.647949
629.000000	185.075684
690.000000	188.986816
446.000000	192.304688
389.000000	-164.948730
751.000000	-161.125488
516.000000	-157.390137
508.000000	-154.248047
584.000000	-150.952148
669.000000	-147.128906
583.000000	-143.371582
574.000000	-139.987793
659.000000	-136.186523
635.000000	-132.319336
645.000000	-128.496094
687.000000	-124.519043
627.000000	-120.629883
762.000000	-116.411133
725.000000	-111.972656
607.000000	-108.237305
638.000000	-104.414063
674.000000	-100.349121
595.000000	-96.613770
512.000000	-93.295898
530.000000	-90.197754
566.000000	-86.901855
601.000000	-83.474121
449.000000	-80.507813
432.000000	-77.937012
527.000000	-74.860840
539.000000	-71.564941
432.000000	-68.554688
436.000000	-65.720215
515.000000	-62.775879
613.000000	-59.458008
489.000000	-56.403809
378.000000	-53.876953
534.000000	-51.086426
569.000000	-47.900391
481.000000	-44.868164
527.000000	-41.770020
617.000000	-38.408203
676.000000	-34.584961
472.000000	-31.245117
539.000000	-28.015137
576.000000	-24.763184
661.000000	-20.983887
438.000000	-17.929688
459.000000	-15.249023
690.000000	-11.887207
479.000000	-8.503418
370.000000	-6.130371
600.000000	-3.186035
609.000000	0.329590
463.000000	3.647461
468.000000	6.328125
709.000000	9.755859
671.000000	13.249512
498.000000	16.413574
546.000000	19.687500
613.000000	23.181152
589.000000	26.542969
666.000000	30.278320
652.000000	34.101563
509.000000	37.375488
574.000000	40.649414
734.000000	44.626465
626.000000	48.537598
467.000000	51.635742
645.000000	55.063477
744.000000	59.370117
567.000000	63.215332
589.000000	66.621094
673.000000	70.598145
732.000000	74.860840
649.000000	78.618164
694.000000	82.529297
596.000000	86.220703
679.000000	89.912109
739.000000	94.152832
547.000000	97.866211
609.000000	101.645508
719.000000	105.776367
598.000000	109.709473
528.000000	113.203125
577.000000	116.740723
613.000000	120.388184
619.000000	123.991699
497.000000	127.111816
523.000000	130.166016
609.000000	133.505859
503.000000	136.757813
430.000000	139.548340
519.000000	142.536621
585.000000	145.810547
536.000000	148.996582
440.000000	151.831055
576.000000	155.192871
539.000000	158.642578
531.000000	161.850586
459.000000	164.838867
639.000000	168.200684
521.000000	171.628418
467.000000	174.462891
560.000000	177.648926
539.000000	180.725098
588.000000	183.999023
590.000000	187.492676
548.000000	190.876465
609.000000	194.501953
579.000000	-161.894531
684.000000	-158.027344
583.000000	-154.270020
659.000000	-150.710449
692.000000	-146.777344
691.000000	-142.734375
669.000000	-138.647461
688.000000	-134.362793
738.000000	-129.968262
783.000000	-125.375977
688.000000	-121.003418
789.000000	-116.433105
745.000000	-111.840820
683.000000	-107.709961
809.000000	-103.205566
686.000000	-98.964844
664.000000	-95.141602
759.000000	-90.856934
623.000000	-86.791992
605.000000	-83.188477
629.000000	-79.584961
639.000000	-75.981445
609.000000	-72.312012
589.000000	-68.774414
518.000000	-65.566406
578.000000	-62.226563
571.000000	-58.732910
458.000000	-55.634766
523.000000	-52.580566
560.000000	-49.328613
585.000000	-45.878906
503.000000	-42.670898
619.000000	-39.155273
657.000000	-35.441895
547.000000	-31.794434
569.000000	-28.520508
544.000000	-24.982910
578.000000	-21.401367
450.000000	-18.259277
506.000000	-15.358887
469.000000	-12.700195
572.000000	-9.426270
396.000000	-6.569824
289.000000	-4.262695
624.000000	-1.098633
585.000000	2.460938
422.000000	5.317383
408.000000	7.888184
568.000000	10.986328
558.000000	14.370117
458.000000	17.248535
423.000000	19.665527
590.000000	22.587891
536.000000	25.949707
381.000000	28.476563
488.000000	31.223145
448.000000	34.167480
542.000000	37.199707
439.000000	40.144043
432.000000	42.846680
557.000000	46.208496
589.000000	49.548340
576.000000	52.954102
517.000000	56.162109
537.000000	59.282227
635.000000	62.863770
599.000000	66.467285
478.000000	69.543457
525.000000	72.553711
729.000000	76.376953
501.000000	79.848633
410.000000	82.507324
598.000000	85.671387
657.000000	89.428711
557.000000	92.878418
598.000000	96.328125
657.000000	100.085449
660.000000	104.040527
580.000000	107.731934
653.000000	111.423340
618.000000	115.202637
671.000000	119.025879
705.000000	123.090820
669.000000	127.199707
739.000000	131.418457
770.000000	135.878906
759.000000	140.449219
669.000000	144.667969
669.000000	148.798828
780.000000	153.347168
615.000000	157.390137
545.000000	161.015625
801.000000	165.168457
625.000000	169.255371
504.000000	172.529297
689.000000	176.220703
635.000000	179.978027
645.000000	183.845215
530.000000	187.338867
543.000000	190.656738
607.000000	194.194336
657.000000	-162.070313
498.000000	-158.818359
588.000000	-155.698242
591.000000	-152.160645
556.000000	-148.710938
485.000000	-145.546875
458.000000	-142.668457
586.000000	-139.438477
591.000000	-135.944824
549.000000	-132.692871
595.000000	-129.243164
571.000000	-125.749512
709.000000	-121.926270
535.000000	-118.322754
578.000000	-114.873047
596.000000	-111.247559
660.000000	-107.578125
638.000000	-103.645020
517.000000	-100.261230
663.000000	-96.613770
769.000000	-92.416992
656.000000	-88.395996
633.000000	-84.440918
629.000000	-80.573730
769.000000	-76.179199
606.000000	-71.938477
569.000000	-68.400879
725.000000	-64.489746
691.000000	-60.205078
549.000000	-56.623535
725.000000	-52.800293
699.000000	-48.383789
611.000000	-44.252930
644.000000	-40.495605
788.000000	-36.496582
745.000000	-32.255859
645.000000	-28.344727
679.000000	-24.257813
748.000000	-19.929199
701.000000	-15.710449
720.000000	-11.425781
748.000000	-7.053223
710.000000	-2.724609
670.000000	1.494141
781.000000	5.976563
801.000000	10.656738
639.000000	14.721680
791.000000	19.006348
792.000000	23.752441
759.000000	28.388672
739.000000	32.849121
821.000000	37.463379
873.000000	42.517090
728.000000	47.307129
839.000000	52.053223
842.000000	56.997070
874.000000	62.006836
809.000000	67.038574
826.000000	72.048340
889.000000	77.365723
919.000000	82.617188
857.000000	87.890625
898.000000	93.251953
836.000000	98.349609
978.000000	103.688965
885.000000	109.138184
786.000000	114.082031
898.000000	119.245605
937.000000	124.738770
752.000000	129.770508
860.000000	134.692383
899.000000	140.075684
814.000000	145.173340
781.000000	149.787598
870.000000	154.775391
739.000000	159.455566
821.000000	164.135742
849.000000	168.947754
714.000000	173.452148
698.000000	177.802734
808.000000	182.680664
695.000000	187.053223
726.000000	191.293945
719.000000	-164.377441
694.000000	-160.136719
665.000000	-156.093750
629.000000	-152.336426
582.000000	-148.688965
713.000000	-144.755859
688.000000	-140.778809
579.000000	-137.285156
546.000000	-133.813477
727.000000	-129.792480
629.000000	-125.749512
567.000000	-122.233887
549.000000	-118.784180
682.000000	-114.895020
693.000000	-111.027832
498.000000	-107.753906
468.000000	-104.721680
681.000000	-101.140137
659.000000	-97.272949
461.000000	-94.152832
606.000000	-90.856934