-3000.000000 -0.373412 0.000000 1.000000 0.010000
-3000.000000 9.626588 -0.000893 -0.895686
-3000.000000 -60.373412 0.015404 0.801634
-3000.000000 -48.373412 -0.012754 -0.712057
-3000.000000 -42.373412 0.014660 -0.123126
-3000.000000 -107.373412 0.000000 0.000000
-3000.000000 -147.373412 0.000000 0.000000
-3000.000000 -120.373412 0.000000 0.000000
-3000.000000 -127.373412 0.000000 0.000000
-3000.000000 -147.373412 0.000000 0.000000
3000.000000 -185.373412
3000.000000 -194.373412
3000.000000 -118.373412
-3000.000000 -124.373412
-3000.000000 -124.373412
-3000.000000 -119.373412
3000.000000 -123.373412
3000.000000 -97.373412
3000.000000 -78.373412
-3000.000000 -103.373412
3000.000000 -97.373412
3000.000000 -98.373412
-3000.000000 24.626588
-3000.000000 -7.373412
-3000.000000 -134.373412
3000.000000 -79.373412
-3000.000000 1.626588
-3000.000000 10.626588
3000.000000 -191.373412
3000.000000 -137.373412
-3000.000000 38.626588
3000.000000 12.626588
-3000.000000 -218.373412
3000.000000 -42.373412
-3000.000000 -37.373412
-3000.000000 -3.373412
-3000.000000 -136.373412
3000.000000 -125.373412
-3000.000000 -20.373412
-3000.000000 -9.373412
-3000.000000 -214.373412
-3000.000000 -248.373412
3000.000000 -57.373412
-3000.000000 -118.373412
3000.000000 -147.373412
-3000.000000 -290.373412
3000.000000 -97.373412
3000.000000 -136.373412
3000.000000 -142.373412
-3000.000000 -197.373412
-3000.000000 -93.373412
-3000.000000 -120.373412
-3000.000000 -167.373412
3000.000000 -164.373412
-3000.000000 -180.373412
3000.000000 -78.373412
3000.000000 -210.373412
-3000.000000 -127.373412
3000.000000 -126.373412
-3000.000000 -141.373412
3000.000000 -87.373412
-3000.000000 -147.373412
3000.000000 -48.373412
3000.000000 -115.373412
3000.000000 -20.373412
3000.000000 -11.373412
3000.000000 -17.373412
-3000.000000 19.626588
3000.000000 52.626588
-3000.000000 -36.373412
-3000.000000 77.626588
-3000.000000 14.626588
-3000.000000 -46.373412
-3000.000000 -10.373412
-3000.000000 -45.373412
-3000.000000 -87.373412
-3000.000000 -113.373412
3000.000000 -140.373412
-3000.000000 -117.373412
3000.000000 -81.373412
-3000.000000 -201.373412
3000.000000 -117.373412
-3000.000000 -141.373412
3000.000000 -67.373412
-3000.000000 -177.373412
3000.000000 -62.373412
-3000.000000 -117.373412
-3000.000000 -43.373412
-3000.000000 -153.373412
-3000.000000 -164.373412
3000.000000 -119.373412
-3000.000000 -162.373412
3000.000000 -106.373412
3000.000000 -219.373412
3000.000000 -87.373412
3000.000000 -46.373412
-3000.000000 -48.373412
-3000.000000 -37.373412
-3000.000000 -107.373412
3000.000000 0.626588
-3000.000000 -74.373412
3000.000000 -57.373412
3000.000000 -144.373412
-3000.000000 -58.373412
3000.000000 41.626588
3000.000000 -123.373412
3000.000000 -37.373412
-3000.000000 77.626588
-3000.000000 46.626588
3000.000000 -67.373412
3000.000000 19.626588
-3000.000000 134.626588
3000.000000 32.626588
-3000.000000 -156.373412
-3000.000000 60.626588
3000.000000 99.626588
-3000.000000 -10.373412
3000.000000 30.626588
-3000.000000 -47.373412
-3000.000000 88.626588
3000.000000 -7.373412
3000.000000 -86.373412
-3000.000000 58.626588
-3000.000000 102.626588
-3000.000000 -76.373412
-3000.000000 -58.373412
3000.000000 23.626588
-3000.000000 82.626588
3000.000000 -30.373412
-3000.000000 -114.373412
-3000.000000 22.626588
3000.000000 0.626588
3000.000000 -58.373412
3000.000000 -19.373412
-3000.000000 25.626588
-3000.000000 52.626588
3000.000000 -30.373412
3000.000000 -3.373412
-3000.000000 102.626588
-3000.000000 59.626588
-3000.000000 -71.373412
-3000.000000 -19.373412
-3000.000000 70.626588
-3000.000000 -91.373412
3000.000000 -116.373412
3000.000000 -130.373412
-3000.000000 52.626588
3000.000000 -24.373412
-3000.000000 -170.373412
3000.000000 2.626588
-3000.000000 26.626588
3000.000000 107.626588
-3000.000000 -115.373412
3000.000000 21.626588
3000.000000 10.626588
-3000.000000 71.626588
-3000.000000 12.626588
3000.000000 -102.373412
3000.000000 -27.373412
-3000.000000 116.626588
-3000.000000 -23.373412
3000.000000 -119.373412
3000.000000 -0.373412
-3000.000000 153.626588
3000.000000 -7.373412
-3000.000000 -196.373412
3000.000000 50.626588
3000.000000 22.626588
-3000.000000 -41.373412
-3000.000000 -59.373412
-3000.000000 -107.373412
-3000.000000 77.626588
-3000.000000 -47.373412
3000.000000 -156.373412
-3000.000000 -160.373412
3000.000000 22.626588
3000.000000 -198.373412
-3000.000000 -166.373412
-3000.000000 -75.373412
-3000.000000 -136.373412
3000.000000 -117.373412
3000.000000 -115.373412
3000.000000 -118.373412
3000.000000 -112.373412
-3000.000000 -58.373412
3000.000000 -29.373412
3000.000000 -92.373412
3000.000000 2.626588
-3000.000000 18.626588
-3000.000000 25.626588
3000.000000 -57.373412
-3000.000000 -11.373412
-3000.000000 103.626588
3000.000000 -47.373412
3000.000000 -145.373412
-3000.000000 0.626588
3000.000000 87.626588
3000.000000 -130.373412
3000.000000 -70.373412
-3000.000000 88.626588
3000.000000 67.626588
-3000.000000 -67.373412
3000.000000 -2.373412
3000.000000 50.626588
-3000.000000 132.626588
-3000.000000 58.626588
3000.000000 -77.373412
-3000.000000 31.626588
-3000.000000 161.626588
-3000.000000 -50.373412
-3000.000000 -46.373412
3000.000000 -9.373412
-3000.000000 42.626588
-3000.000000 -36.373412
-3000.000000 -176.373412
3000.000000 -113.373412
-3000.000000 32.626588
3000.000000 9.626588
-3000.000000 -241.373412
3000.000000 -47.373412
-3000.000000 -21.373412
-3000.000000 1.626588
-3000.000000 -166.373412
3000.000000 -175.373412
3000.000000 -67.373412
-3000.000000 -10.373412
-3000.000000 -150.373412
3000.000000 -187.373412
3000.000000 -24.373412
-3000.000000 126.626588
-3000.000000 -167.373412
-3000.000000 -300.373412
3000.000000 59.626588
-3000.000000 -36.373412
-3000.000000 -119.373412
-3000.000000 -263.373412
3000.000000 29.626588
-3000.000000 59.626588
-3000.000000 -112.373412
-3000.000000 -240.373412
3000.000000 -28.373412
3000.000000 122.626588
-3000.000000 -87.373412
-3000.000000 -215.373412
-3000.000000 -114.373412
3000.000000 -7.373412
-3000.000000 -144.373412
3000.000000 -192.373412
-3000.000000 -277.373412
3000.000000 -163.373412
3000.000000 -160.373412
-3000.000000 -215.373412
-3000.000000 -239.373412
-3000.000000 -211.373412
3000.000000 -97.373412
-3000.000000 -210.373412
3000.000000 -177.373412
3000.000000 -238.373412
3000.000000 -76.373412
3000.000000 -17.373412
3000.000000 -196.373412
-3000.000000 -136.373412
-3000.000000 20.626588
-3000.000000 -40.373412
-3000.000000 -97.373412
3000.000000 -96.373412
-3000.000000 -129.373412
-3000.000000 2.626588
3000.000000 -168.373412
-3000.000000 -186.373412
-3000.000000 -35.373412
-3000.000000 -106.373412
3000.000000 -176.373412
3000.000000 -182.373412
3000.000000 -7.373412
3000.000000 -92.373412
-3000.000000 -120.373412
-3000.000000 -58.373412
3000.000000 -40.373412
3000.000000 -69.373412
3000.000000 -19.373412
-3000.000000 -62.373412
3000.000000 42.626588
3000.000000 -42.373412
-3000.000000 65.626588
3000.000000 62.626588
-3000.000000 -83.373412
3000.000000 49.626588
3000.000000 10.626588
-3000.000000 68.626588
3000.000000 30.626588
-3000.000000 -38.373412
-3000.000000 106.626588
3000.000000 32.626588
3000.000000 -65.373412
-3000.000000 46.626588
-3000.000000 82.626588
3000.000000 -45.373412
-3000.000000 -69.373412
3000.000000 92.626588
3000.000000 -17.373412
3000.000000 0.626588
-3000.000000 22.626588
3000.000000 111.626588
3000.000000 -9.373412
3000.000000 55.626588
-3000.000000 75.626588
3000.000000 114.626588
-3000.000000 12.626588
-3000.000000 147.626588
3000.000000 65.626588
-3000.000000 62.626588
3000.000000 101.626588
3000.000000 -19.373412
-3000.000000 132.626588
3000.000000 79.626588
-3000.000000 -18.373412
-3000.000000 78.626588
-3000.000000 58.626588
3000.000000 42.626588
-3000.000000 -0.373412
3000.000000 97.626588
3000.000000 -7.373412
-3000.000000 -4.373412
-3000.000000 39.626588
3000.000000 2.626588
3000.000000 -19.373412
3000.000000 59.626588
-3000.000000 60.626588
3000.000000 22.626588
-3000.000000 -41.373412
-3000.000000 115.626588
3000.000000 48.626588
3000.000000 -50.373412
3000.000000 54.626588
3000.000000 97.626588
3000.000000 114.626588
3000.000000 102.626588
-3000.000000 132.626588
3000.000000 171.626588
-3000.000000 92.626588
3000.000000 142.626588
3000.000000 61.626588
-3000.000000 186.626588
3000.000000 167.626588
3000.000000 31.626588
-3000.000000 205.626588
3000.000000 275.626588
-3000.000000 82.626588
-3000.000000 139.626588
-3000.000000 138.626588
-3000.000000 142.626588
-3000.000000 68.626588
3000.000000 29.626588
-3000.000000 51.626588
-3000.000000 130.626588
-3000.000000 -9.373412
-3000.000000 -78.373412
3000.000000 30.626588
3000.000000 -30.373412
3000.000000 -6.373412
-3000.000000 -38.373412
-3000.000000 23.626588
3000.000000 32.626588
3000.000000 -0.373412
3000.000000 63.626588
-3000.000000 32.626588
-3000.000000 20.626588
3000.000000 0.626588
-3000.000000 29.626588
-3000.000000 91.626588
-3000.000000 -80.373412
3000.000000 -58.373412
-3000.000000 -3.373412
-3000.000000 102.626588
3000.000000 -157.373412
3000.000000 -121.373412
3000.000000 32.626588
3000.000000 17.626588
-3000.000000 -47.373412
-3000.000000 -46.373412
-3000.000000 30.626588
-3000.000000 48.626588
3000.000000 -76.373412
3000.000000 -129.373412
-3000.000000 -31.373412
3000.000000 3.626588
3000.000000 -146.373412
-3000.000000 -24.373412
-3000.000000 -5.373412
-3000.000000 -78.373412
3000.000000 -122.373412
3000.000000 -77.373412
-3000.000000 40.626588
3000.000000 -120.373412
-3000.000000 -148.373412
-3000.000000 41.626588
3000.000000 -49.373412
3000.000000 -127.373412
3000.000000 -81.373412
-3000.000000 -27.373412
3000.000000 38.626588
3000.000000 -81.373412
3000.000000 12.626588
3000.000000 48.626588
-3000.000000 79.626588
-3000.000000 70.626588
3000.000000 9.626588
-3000.000000 79.626588
-3000.000000 158.626588
-3000.000000 -10.373412
-3000.000000 -87.373412
-3000.000000 -25.373412
-3000.000000 -20.373412
-3000.000000 -107.373412
3000.000000 -148.373412
3000.000000 -78.373412
-3000.000000 33.626588
-3000.000000 -67.373412
-3000.000000 -175.373412
3000.000000 -84.373412
3000.000000 -7.373412
3000.000000 -103.373412
-3000.000000 -181.373412
-3000.000000 -89.373412
3000.000000 -32.373412
-3000.000000 -38.373412
3000.000000 -49.373412
-3000.000000 -161.373412
3000.000000 -27.373412
3000.000000 -85.373412
-3000.000000 -18.373412
3000.000000 -37.373412
-3000.000000 -105.373412
3000.000000 50.626588
3000.000000 1.626588
3000.000000 9.626588
3000.000000 12.626588
-3000.000000 55.626588
3000.000000 99.626588
3000.000000 12.626588
3000.000000 107.626588
3000.000000 145.626588
-3000.000000 82.626588
3000.000000 122.626588
3000.000000 87.626588
-3000.000000 211.626588
3000.000000 162.626588
-3000.000000 0.626588
-3000.000000 164.626588
3000.000000 264.626588
-3000.000000 42.626588
-3000.000000 53.626588
-3000.000000 58.626588
-3000.000000 115.626588
-3000.000000 62.626588
3000.000000 -33.373412
-3000.000000 -20.373412
3000.000000 72.626588
-3000.000000 -54.373412
-3000.000000 9.626588
-3000.000000 -47.373412
3000.000000 -10.373412
3000.000000 -27.373412
3000.000000 -9.373412
-3000.000000 -50.373412
3000.000000 12.626588
-3000.000000 -45.373412
-3000.000000 96.626588
-3000.000000 4.626588
3000.000000 -66.373412
3000.000000 -20.373412
-3000.000000 111.626588
3000.000000 22.626588
3000.000000 -113.373412
3000.000000 43.626588
3000.000000 201.626588
-3000.000000 11.626588
-3000.000000 -7.373412
-3000.000000 19.626588
-3000.000000 164.626588
-3000.000000 2.626588
3000.000000 -88.373412
-3000.000000 -63.373412
-3000.000000 92.626588
3000.000000 -94.373412
-3000.000000 -142.373412
3000.000000 10.626588
-3000.000000 -84.373412
3000.000000 -19.373412
-3000.000000 -116.373412
3000.000000 9.626588
3000.000000 -27.373412
3000.000000 -14.373412
-3000.000000 -30.373412
3000.000000 12.626588
-3000.000000 -14.373412
-3000.000000 68.626588
-3000.000000 -26.373412
-3000.000000 -88.373412
3000.000000 -50.373412
-3000.000000 -46.373412
-3000.000000 -28.373412
3000.000000 -153.373412
3000.000000 -129.373412
-3000.000000 18.626588
-3000.000000 -53.373412
-3000.000000 -220.373412
3000.000000 -87.373412
3000.000000 113.626588
-3000.000000 -47.373412
-3000.000000 -125.373412
-3000.000000 -182.373412
-3000.000000 -37.373412
-3000.000000 -114.373412
3000.000000 -212.373412
3000.000000 -176.373412
3000.000000 -140.373412
3000.000000 -107.373412
3000.000000 -185.373412
-3000.000000 -150.373412
-3000.000000 22.626588
-3000.000000 -65.373412
3000.000000 -156.373412
3000.000000 -154.373412
-3000.000000 -33.373412
3000.000000 -49.373412
3000.000000 -174.373412
-3000.000000 -48.373412
3000.000000 31.626588
-3000.000000 -88.373412
3000.000000 30.626588
-3000.000000 -92.373412
-3000.000000 24.626588
3000.000000 -59.373412
3000.000000 -112.373412
-3000.000000 -7.373412
3000.000000 27.626588
-3000.000000 -123.373412
-3000.000000 2.626588
-3000.000000 -32.373412
-3000.000000 -40.373412
3000.000000 -107.373412
3000.000000 -103.373412
-3000.000000 -49.373412
3000.000000 -28.373412
-3000.000000 -130.373412
-3000.000000 -27.373412
-3000.000000 -13.373412
3000.000000 -89.373412
3000.000000 -127.373412
3000.000000 -13.373412
3000.000000 -9.373412
3000.000000 -56.373412
-3000.000000 10.626588
3000.000000 73.626588
-3000.000000 -8.373412
3000.000000 89.626588
-3000.000000 21.626588
-3000.000000 55.626588
3000.000000 19.626588
-3000.000000 -33.373412
-3000.000000 75.626588
3000.000000 -40.373412
3000.000000 -83.373412
-3000.000000 32.626588
-3000.000000 81.626588
3000.000000 -100.373412
3000.000000 -77.373412
3000.000000 93.626588
3000.000000 61.626588
-3000.000000 -20.373412
-3000.000000 67.626588
3000.000000 112.626588
-3000.000000 48.626588
3000.000000 96.626588
-3000.000000 -27.373412
-3000.000000 68.626588
3000.000000 97.626588
-3000.000000 21.626588
-3000.000000 59.626588
-3000.000000 -6.373412
3000.000000 -8.373412
-3000.000000 -20.373412
3000.000000 22.626588
3000.000000 -97.373412
3000.000000 0.626588
-3000.000000 62.626588
3000.000000 55.626588
-3000.000000 -38.373412
3000.000000 92.626588
-3000.000000 52.626588
-3000.000000 72.626588
-3000.000000 -75.373412
-3000.000000 -17.373412
-3000.000000 32.626588
-3000.000000 -59.373412
3000.000000 -116.373412
-3000.000000 -131.373412
3000.000000 -18.373412
3000.000000 -136.373412
3000.000000 -81.373412
-3000.000000 -57.373412
-3000.000000 16.626588
-3000.000000 -126.373412
3000.000000 -67.373412
3000.000000 -83.373412
-3000.000000 -19.373412
-3000.000000 -86.373412
3000.000000 -149.373412
-3000.000000 -57.373412
-3000.000000 59.626588
-3000.000000 -168.373412
3000.000000 -167.373412
3000.000000 -86.373412
-3000.000000 39.626588
3000.000000 -222.373412
-3000.000000 -249.373412
3000.000000 38.626588
3000.000000 -74.373412
3000.000000 -147.373412
-3000.000000 -165.373412
-3000.000000 -48.373412
3000.000000 2.626588
-3000.000000 -82.373412
3000.000000 -17.373412
3000.000000 -186.373412
3000.000000 5.626588
3000.000000 22.626588
3000.000000 -21.373412
3000.000000 25.626588
-3000.000000 72.626588
-3000.000000 120.626588
3000.000000 -20.373412
3000.000000 1.626588
-3000.000000 187.626588
3000.000000 81.626588
3000.000000 -48.373412
-3000.000000 58.626588
3000.000000 182.626588
3000.000000 5.626588
3000.000000 66.626588
-3000.000000 132.626588
3000.000000 108.626588
3000.000000 57.626588
3000.000000 112.626588
3000.000000 172.626588
3000.000000 176.626588
-3000.000000 140.626588
3000.000000 199.626588
3000.000000 104.626588
-3000.000000 218.626588
-3000.000000 203.626588
3000.000000 104.626588
-3000.000000 162.626588
-3000.000000 262.626588
3000.000000 45.626588
-3000.000000 22.626588
3000.000000 173.626588
3000.000000 50.626588
-3000.000000 108.626588
-3000.000000 70.626588
-3000.000000 31.626588
-3000.000000 96.626588
3000.000000 59.626588
3000.000000 -17.373412
-3000.000000 26.626588
-3000.000000 107.626588
3000.000000 -27.373412
-3000.000000 -24.373412
3000.000000 89.626588
-3000.000000 -26.373412
3000.000000 31.626588
-3000.000000 1.626588
-3000.000000 89.626588
3000.000000 20.626588
3000.000000 -71.373412
3000.000000 64.626588
3000.000000 165.626588
-3000.000000 20.626588
3000.000000 44.626588
-3000.000000 49.626588
-3000.000000 194.626588
-3000.000000 82.626588
3000.000000 -42.373412
-3000.000000 31.626588
-3000.000000 152.626588
3000.000000 -52.373412
-3000.000000 -111.373412
3000.000000 78.626588
3000.000000 67.626588
3000.000000 32.626588
-3000.000000 -0.373412
-3000.000000 106.626588
3000.000000 72.626588
3000.000000 -3.373412
3000.000000 30.626588
3000.000000 41.626588
-3000.000000 57.626588
3000.000000 78.626588
3000.000000 41.626588
-3000.000000 150.626588
-3000.000000 114.626588
-3000.000000 -6.373412
-3000.000000 79.626588
-3000.000000 93.626588
-3000.000000 -6.373412
-3000.000000 -87.373412
3000.000000 -94.373412
-3000.000000 12.626588
-3000.000000 -11.373412
-3000.000000 -152.373412
3000.000000 -147.373412
3000.000000 -62.373412
3000.000000 -19.373412
-3000.000000 -116.373412
-3000.000000 -120.373412
-3000.000000 -79.373412
-3000.000000 -19.373412
3000.000000 -121.373412
3000.000000 -197.373412
3000.000000 -55.373412
3000.000000 -0.373412
3000.000000 -107.373412
3000.000000 -74.373412
-3000.000000 70.626588
-3000.000000 159.626588
-3000.000000 0.626588
3000.000000 -61.373412
-3000.000000 -6.373412
-3000.000000 99.626588
3000.000000 -123.373412
-3000.000000 -179.373412
-3000.000000 78.626588
3000.000000 -14.373412
3000.000000 -167.373412
3000.000000 -39.373412
-3000.000000 44.626588
3000.000000 -17.373412
-3000.000000 -124.373412
3000.000000 -28.373412
3000.000000 -9.373412
3000.000000 20.626588
-3000.000000 -49.373412
3000.000000 38.626588
3000.000000 18.626588
-3000.000000 122.626588
-3000.000000 68.626588
3000.000000 -68.373412
3000.000000 12.626588
-3000.000000 119.626588
3000.000000 70.626588
3000.000000 -135.373412
3000.000000 98.626588
3000.000000 166.626588
3000.000000 89.626588
-3000.000000 59.626588
-3000.000000 152.626588
3000.000000 168.626588
-3000.000000 116.626588
3000.000000 63.626588
3000.000000 25.626588
-3000.000000 175.626588
3000.000000 201.626588
3000.000000 -18.373412
-3000.000000 144.626588
-3000.000000 163.626588
-3000.000000 102.626588
-3000.000000 31.626588
3000.000000 83.626588
-3000.000000 78.626588
-3000.000000 106.626588
-3000.000000 -17.373412
-3000.000000 -23.373412
-3000.000000 65.626588
3000.000000 -7.373412
3000.000000 -146.373412
3000.000000 -38.373412
-3000.000000 41.626588
3000.000000 -10.373412
-3000.000000 -81.373412
3000.000000 99.626588
-3000.000000 29.626588
3000.000000 52.626588
-3000.000000 -56.373412
-3000.000000 58.626588
3000.000000 43.626588
-3000.000000 -35.373412
3000.000000 28.626588
3000.000000 -45.373412
3000.000000 92.626588
3000.000000 62.626588
-3000.000000 12.626588
3000.000000 112.626588
-3000.000000 52.626588
3000.000000 144.626588
3000.000000 58.626588
3000.000000 97.626588
3000.000000 132.626588
3000.000000 156.626588
3000.000000 145.626588
3000.000000 182.626588
-3000.000000 172.626588
3000.000000 252.626588
-3000.000000 138.626588
-3000.000000 248.626588
3000.000000 121.626588
-3000.000000 79.626588
-3000.000000 189.626588
3000.000000 112.626588
-3000.000000 5.626588
-3000.000000 165.626588
-3000.000000 62.626588
-3000.000000 -45.373412
3000.000000 8.626588
3000.000000 42.626588
-3000.000000 62.626588
-3000.000000 0.626588
-3000.000000 -75.373412
-3000.000000 12.626588
3000.000000 21.626588
3000.000000 -79.373412
3000.000000 -39.373412
-3000.000000 -12.373412
3000.000000 2.626588
3000.000000 -58.373412
3000.000000 56.626588
-3000.000000 92.626588
-3000.000000 58.626588
-3000.000000 -20.373412
-3000.000000 22.626588
-3000.000000 29.626588
-3000.000000 -51.373412
3000.000000 -126.373412
-3000.000000 -120.373412
-3000.000000 22.626588
3000.000000 -127.373412
3000.000000 -149.373412
3000.000000 -37.373412
-3000.000000 -4.373412
-3000.000000 -39.373412
-3000.000000 -123.373412
3000.000000 -57.373412
-3000.000000 -9.373412
3000.000000 -46.373412
-3000.000000 -217.373412
-3000.000000 -61.373412
3000.000000 -37.373412
-3000.000000 -97.373412
3000.000000 -131.373412
-3000.000000 -139.373412
3000.000000 -20.373412
3000.000000 -112.373412
3000.000000 -57.373412
3000.000000 -63.373412
-3000.000000 -19.373412
-3000.000000 32.626588
3000.000000 -52.373412
3000.000000 -40.373412
-3000.000000 78.626588
-3000.000000 68.626588
3000.000000 -67.373412
-3000.000000 4.626588
-3000.000000 137.626588
3000.000000 -137.373412
3000.000000 -167.373412
3000.000000 87.626588
3000.000000 22.626588
3000.000000 -38.373412
-3000.000000 9.626588
-3000.000000 160.626588
3000.000000 111.626588
3000.000000 -28.373412
3000.000000 22.626588
3000.000000 47.626588
3000.000000 83.626588
3000.000000 104.626588
3000.000000 156.626588
3000.000000 204.626588
-3000.000000 222.626588
-3000.000000 214.626588
3000.000000 111.626588
-3000.000000 152.626588
-3000.000000 235.626588
3000.000000 61.626588
-3000.000000 38.626588
-3000.000000 187.626588
3000.000000 172.626588
-3000.000000 -4.373412
3000.000000 146.626588
-3000.000000 142.626588
-3000.000000 98.626588
-3000.000000 9.626588
3000.000000 -6.373412
-3000.000000 52.626588
3000.000000 108.626588
-3000.000000 -46.373412
-3000.000000 10.626588
-3000.000000 -9.373412
-3000.000000 3.626588
3000.000000 -79.373412
3000.000000 -92.373412
3000.000000 -26.373412
3000.000000 9.626588
-3000.000000 -34.373412
3000.000000 32.626588
-3000.000000 -10.373412
3000.000000 93.626588
-3000.000000 -27.373412
3000.000000 20.626588
3000.000000 -29.373412
-3000.000000 78.626588
3000.000000 57.626588
3000.000000 -37.373412
3000.000000 88.626588
3000.000000 77.626588
-3000.000000 42.626588
3000.000000 36.626588
-3000.000000 18.626588
-3000.000000 198.626588
3000.000000 -3.373412
3000.000000 -9.373412
-3000.000000 149.626588
3000.000000 139.626588
3000.000000 -51.373412
-3000.000000 3.626588
-3000.000000 180.626588
3000.000000 52.626588
3000.000000 -4.373412
3000.000000 77.626588
3000.000000 103.626588
3000.000000 82.626588
-3000.000000 81.626588
3000.000000 192.626588
3000.000000 142.626588
3000.000000 154.626588
-3000.000000 123.626588
3000.000000 145.626588
3000.000000 97.626588
-3000.000000 184.626588
3000.000000 222.626588
3000.000000 76.626588
3000.000000 152.626588
3000.000000 171.626588
3000.000000 246.626588
3000.000000 172.626588
-3000.000000 212.626588
3000.000000 304.626588
3000.000000 207.626588
3000.000000 219.626588
3000.000000 258.626588
3000.000000 276.626588
3000.000000 299.626588
3000.000000 291.626588
3000.000000 300.626588
3000.000000 340.626588
-3000.000000 310.626588
3000.000000 362.626588
3000.000000 264.626588
-3000.000000 319.626588
3000.000000 362.626588
3000.000000 185.626588
-3000.000000 318.626588
3000.000000 341.626588
3000.000000 166.626588
-3000.000000 296.626588
-3000.000000 351.626588
3000.000000 284.626588
-3000.000000 232.626588
3000.000000 284.626588
3000.000000 263.626588
-3000.000000 282.626588
-3000.000000 264.626588
3000.000000 236.626588
-3000.000000 176.626588
3000.000000 298.626588
-3000.000000 157.626588
-3000.000000 226.626588
-3000.000000 198.626588
-3000.000000 152.626588
-3000.000000 96.626588
3000.000000 38.626588
3000.000000 33.626588
-3000.000000 127.626588
-3000.000000 69.626588
3000.000000 -25.373412
3000.000000 22.626588
3000.000000 135.626588
-3000.000000 51.626588
-3000.000000 2.626588
-3000.000000 -30.373412
-3000.000000 134.626588
-3000.000000 49.626588
3000.000000 -52.373412
3000.000000 -117.373412
-3000.000000 79.626588
3000.000000 25.626588
3000.000000 -117.373412
3000.000000 -1.373412
-3000.000000 79.626588
-3000.000000 1.626588
-3000.000000 -79.373412
3000.000000 -40.373412
-3000.000000 138.626588
-3000.000000 -0.373412
-3000.000000 -117.373412
-3000.000000 -96.373412
-3000.000000 9.626588
-3000.000000 -107.373412
3000.000000 -218.373412
3000.000000 -167.373412
3000.000000 -35.373412
3000.000000 -87.373412
-3000.000000 -154.373412
-3000.000000 -109.373412
-3000.000000 -27.373412
3000.000000 -50.373412
3000.000000 -140.373412
3000.000000 -136.373412
3000.000000 -82.373412
3000.000000 22.626588
3000.000000 -21.373412
3000.000000 -13.373412
