0.097847 -12.788703 6.888777 -13.805834 -10.108164
0.195695 -13.284497 -22.641219 -14.148561 -19.717962
0.293542 -17.308936 -18.400298 -14.665824 -28.471768
0.391389 -13.592878 -27.728880 -15.300017 -36.206827
0.489237 -13.772584 -36.904755 -15.999405 -42.921297
0.587084 -16.405849 -52.035758 -16.725047 -48.706899
0.684932 -16.314906 -45.583453 -17.450932 -53.691825
0.782779 -14.437021 -55.836441 -18.161210 -58.006563
0.880626 -20.012909 -32.204529 -18.847077 -61.768228
0.978474 -21.052301 -162.315092 -19.504260 -65.075733
1.076321 -21.465075 -106.835570 -20.131259 -68.010099
1.174168 -16.601032 -105.219761 -20.728197 -70.636751
1.272016 -26.495090 -67.396827 -21.296104 -73.008239
1.369863 -21.321562 -69.813831 -21.836474 -75.166781
1.467710 -27.314649 -103.764987 -22.351005 -77.146398
1.565558 -25.236983 -63.647565 -22.841444 -78.974645
1.663405 -21.901646 -83.179423 -23.309501 -80.673971
1.761252 -22.054452 -89.920537 -23.756801 -82.262784
1.859100 -24.724462 -92.541714 -24.184864 -83.756279
1.956947 -21.933445 -73.603402 -24.595095 -85.167078
2.054795 -25.537366 -77.277587 -24.988786 -86.505738
2.152642 -23.975613 -86.925180 -25.367116 -87.781140
2.250489 -25.865904 -84.035633 -25.731166 -89.000799
2.348337 -21.370633 -95.294955 -26.081920 -90.171116
2.446184 -20.697313 -84.827376 -26.420276 -91.297565
2.544031 -24.682102 -87.669001 -26.747053 -92.384858
2.641879 -25.466867 -110.791661 -27.063001 -93.437068
2.739726 -30.901127 -93.658803 -27.368805 -94.457730
2.837573 -24.958585 -87.435759 -27.665093 -95.449930
2.935421 -25.825660 -80.383330 -27.952440 -96.416369
3.033268 -26.525586 -84.353655 -28.231375 -97.359424
3.131115 -28.367758 -103.421287 -28.502385 -98.281191
3.228963 -29.344386 -109.806624 -28.765920 -99.183529
3.326810 -28.942217 -110.166601 -29.022393 -100.068089
3.424658 -29.475135 -112.467311 -29.272188 -100.936343
3.522505 -34.515847 -89.576591 -29.515660 -101.789608
3.620352 -31.298943 -115.026708 -29.753140 -102.629064
3.718200 -25.204735 -105.388076 -29.984933 -103.455775
3.816047 -30.557270 -117.885953 -30.211325 -104.270699
3.913894 -30.012613 -104.569022 -30.432582 -105.074702
4.011742 -32.105414 -118.101359 -30.648952 -105.868570
4.109589 -27.916838 -103.975262 -30.860669 -106.653015
4.207436 -28.655851 -111.075738 -31.067948 -107.428689
4.305284 -29.704662 -114.032318 -31.270995 -108.196183
4.403131 -31.600492 -92.969162 -31.470002 -108.956041
4.500978 -33.277634 -106.772347 -31.665147 -109.708758
4.598826 -28.798887 -96.422832 -31.856602 -110.454792
4.696673 -31.203227 -121.362059 -32.044526 -111.194562
4.794521 -28.998725 -119.663528 -32.229071 -111.928453
4.892368 -29.409557 -86.826714 -32.410379 -112.656824
4.990215 -29.321575 -100.864021 -32.588585 -113.380004
5.088063 -35.104359 -120.757960 -32.763818 -114.098299
5.185910 -29.633945 -92.166157 -32.936199 -114.811991
5.283757 -35.149618 -112.834058 -33.105844 -115.521345
5.381605 -30.929008 -127.039077 -33.272861 -116.226606
5.479452 -31.648570 -123.728421 -33.437357 -116.928001
5.577299 -33.644231 -93.933429 -33.599430 -117.625745
5.675147 -31.252708 -112.075046 -33.759175 -118.320035
5.772994 -32.083668 -137.444639 -33.916683 -119.011060
5.870841 -31.594047 -121.315580 -34.072040 -119.698992
5.968689 -34.807187 -143.549765 -34.225331 -120.383997
6.066536 -34.733602 -117.724509 -34.376633 -121.066228
6.164384 -39.380597 -88.916597 -34.526024 -121.745831
6.262231 -31.828608 -134.390894 -34.673577 -122.422941
6.360078 -32.404000 -134.599471 -34.819362 -123.097689
6.457926 -37.604927 -117.224397 -34.963448 -123.770195
6.555773 -42.707734 -165.159089 -35.105898 -124.440576
6.653620 -35.122695 -83.536838 -35.246776 -125.108940
6.751468 -32.841415 -125.643694 -35.386144 -125.775390
6.849315 -34.021048 -113.601284 -35.524059 -126.440026
6.947162 -37.209863 -150.657936 -35.660579 -127.102941
7.045010 -33.827291 -146.749765 -35.795758 -127.764224
7.142857 -33.232326 -137.819364 -35.929651 -128.423959
7.240705 -33.353035 -116.525756 -36.062308 -129.082229
7.338552 -34.038122 -159.764967 -36.193780 -129.739111
7.436399 -37.381303 -119.025485 -36.324116 -130.394679
7.534247 -33.810495 -107.980614 -36.453364 -131.049005
7.632094 -35.591161 -141.205108 -36.581571 -131.702157
7.729941 -38.968520 -163.192964 -36.708781 -132.354201
7.827789 -34.854887 -127.604754 -36.835040 -133.005201
7.925636 -33.446550 -134.523197 -36.960390 -133.655218
8.023483 -36.078957 -126.200049 -37.084875 -134.304311
8.121331 -44.706518 -103.946917 -37.208536 -134.952539
8.219178 -38.681115 -97.700655 -37.331414 -135.599956
8.317025 -36.289223 -130.968478 -37.453550 -136.246617
8.414873 -46.402435 -144.151628 -37.574984 -136.892574
8.512720 -42.374210 -143.385962 -37.695754 -137.537880
8.610568 -37.524941 -135.027861 -37.815901 -138.182583
8.708415 -36.300545 -130.972828 -37.935461 -138.826734
8.806262 -36.236109 -115.221989 -38.054473 -139.470380
8.904110 -35.660726 -155.382646 -38.172975 -140.113569
9.001957 -43.033029 -160.292656 -38.291004 -140.756348
9.099804 -36.790633 -137.407241 -38.408598 -141.398762
9.197652 -41.499037 -123.091799 -38.525793 -142.040857
9.295499 -38.635106 -146.292704 -38.642627 -142.682678
9.393346 -38.683797 -140.743193 -38.759136 -143.324270
9.491194 -38.219179 -112.146481 -38.875358 -143.965677
9.589041 -38.544011 -166.398995 -38.991330 -144.606943
9.686888 -43.855881 -155.869863 -39.107088 -145.248113
9.784736 -39.021156 -160.471432 -39.222670 -145.889231
9.882583 -38.832496 -130.209965 -39.338114 -146.530341
9.980431 -39.323945 -144.383188 -39.453457 -147.171489
10.078278 -43.600270 -187.330491 -39.568738 -147.812718
10.176125 -39.125227 -174.443531 -39.683995 -148.454075
10.273973 -36.701808 -164.005176 -39.799268 -149.095605
10.371820 -41.856792 -161.327359 -39.914596 -149.737355
10.469667 -40.510677 -164.046578 -40.030018 -150.379372
10.567515 -40.486811 -151.999888 -40.145577 -151.021704
10.665362 -41.722827 -168.417042 -40.261314 -151.664400
10.763209 -42.847819 -188.926990 -40.377270 -152.307511
10.861057 -49.355944 -275.217716 -40.493490 -152.951088
10.958904 -42.664640 -116.073968 -40.610018 -153.595183
11.056751 -40.668663 -151.028304 -40.726898 -154.239851
11.154599 -43.138434 -175.177680 -40.844178 -154.885147
11.252446 -41.752647 -176.001999 -40.961904 -155.531129
11.350294 -46.017568 -108.182073 -41.080127 -156.177856
11.448141 -37.935374 -172.363318 -41.198896 -156.825390
11.545988 -51.802792 -158.808838 -41.318264 -157.473794
11.643836 -50.515557 -256.569138 -41.438284 -158.123135
11.741683 -36.848253 -172.695250 -41.559011 -158.773483
11.839530 -42.880413 -91.918889 -41.680503 -159.424908
11.937378 -46.531449 -161.119961 -41.802819 -160.077487
12.035225 -39.226250 -174.711701 -41.926021 -160.731297
12.133072 -49.815831 -116.178530 -42.050174 -161.386422
12.230920 -48.301842 -159.752275 -42.175343 -162.042947
12.328767 -40.486482 -161.702602 -42.301598 -162.700964
12.426614 -45.985354 -118.240718 -42.429012 -163.360570
12.524462 -48.067605 -159.341578 -42.557659 -164.021864
12.622309 -37.682775 -170.200318 -42.687619 -164.684953
12.720157 -44.904817 -161.968252 -42.818975 -165.349951
12.818004 -42.729789 -204.332265 -42.951814 -166.016978
12.915851 -37.757251 -185.980863 -43.086225 -166.686160
13.013699 -40.768396 -159.260726 -43.222305 -167.357634
13.111546 -44.329708 -75.896161 -43.360154 -168.031543
13.209393 -38.257884 -160.608041 -43.499878 -168.708041
13.307241 -40.143408 -207.485167 -43.641589 -169.387292
13.405088 -42.515855 -234.199117 -43.785405 -170.069474
13.502935 -49.582533 -123.541648 -43.931450 -170.754774
13.600783 -41.990225 -146.073587 -44.079857 -171.443396
13.698630 -39.760988 -155.821948 -44.230766 -172.135559
13.796477 -48.936554 -326.066790 -44.384326 -172.831499
13.894325 -46.653303 -190.622747 -44.540696 -173.531471
13.992172 -49.087508 -150.424130 -44.700044 -174.235751
14.090020 -53.294408 -136.302912 -44.862551 -174.944639
14.187867 -52.135532 -207.693937 -45.028408 -175.658463
14.285714 -47.026224 -308.491345 -45.197823 -176.377578
14.383562 -48.925090 -212.007946 -45.371017 -177.102372
14.481409 -45.090795 -229.031783 -45.548226 -177.833274
14.579256 -55.569832 -205.815463 -45.729706 -178.570750
14.677104 -44.126235 -186.287516 -45.915734 -179.315316
14.774951 -40.057050 -139.935173 -46.106606 -180.067543
14.872798 -41.796390 -267.908831 -46.302644 -180.828060
14.970646 -40.248556 -189.271350 -46.504198 -181.597569
15.068493 -45.523613 -36.886242 -46.711648 -182.376851
15.166341 -45.247713 -169.679558 -46.925408 -183.166779
15.264188 -43.180070 -153.356849 -47.145929 -183.968333
15.362035 -42.930161 -203.552900 -47.373706 -184.782618
15.459883 -48.807225 -131.566006 -47.609283 -185.610880
15.557730 -62.488341 -47.497261 -47.853257 -186.454537
15.655577 -51.224145 -8.725729 -48.106289 -187.315206
15.753425 -43.797808 -199.687035 -48.369110 -188.194739
15.851272 -41.436632 -250.695279 -48.642531 -189.095269
15.949119 -44.581190 -235.441658 -48.927459 -190.019266
16.046967 -48.791390 -249.201386 -49.224907 -190.969606
16.144814 -43.177979 -108.223433 -49.536013 -191.949658
16.242661 -39.362863 -192.370477 -49.862060 -192.963397
16.340509 -43.703725 -204.908646 -50.204504 -194.015544
16.438356 -41.064065 -114.821630 -50.564997 -195.111753
16.536204 -48.059853 -200.781943 -50.945432 -196.258846
16.634051 -42.016365 -199.436375 -51.347982 -197.465136
16.731898 -48.534055 -158.352482 -51.775157 -198.740853
16.829746 -69.419538 -317.751753 -52.229873 -200.098721
16.927593 -54.878790 -145.275474 -52.715533 -201.554758
17.025440 -51.589190 -104.610473 -53.236129 -203.129396
17.123288 -42.140819 -103.499527 -53.796371 -204.849078
17.221135 -43.041120 -222.404511 -54.401828 -206.748577
17.318982 -40.951808 -235.704234 -55.059092 -208.874428
17.416830 -41.647085 -356.580077 -55.775941 -211.290126
17.514677 -43.590130 -207.786362 -56.561422 -214.084123
17.612524 -48.191506 -229.468324 -57.425708 -217.382373
17.710372 -55.693662 -186.110750 -58.379311 -221.368148
17.808219 -42.229517 -356.252494 -59.430621 -226.312955
17.906067 -66.472581 -229.643529 -60.579361 -232.621471
18.003914 -49.895067 -229.977843 -61.800483 -240.881293
18.101761 -39.706673 -235.997411 -63.009268 -251.852680
18.199609 -43.200778 -408.340462 -64.007069 -266.175794
18.297456 -46.517903 -137.815362 -64.474913 -283.476901
18.395303 -58.304719 -417.728619 -64.168162 -301.532158
18.493151 -43.161052 -495.427192 -63.179349 -317.506399
18.590998 -46.836486 -373.826060 -61.829327 -330.119019
18.688845 -54.752555 -232.696262 -60.385036 -339.653026
18.786693 -52.296407 -195.140412 -58.981037 -346.877947
18.884540 -40.897350 -351.284663 -57.666094 -352.478562
18.982387 -40.361751 -432.585692 -56.449764 -356.945656
19.080235 -44.410462 -494.334618 -55.326609 -360.610826
19.178082 -39.374094 -483.079406 -54.286559 -363.696785
19.275930 -47.985314 -348.884702 -53.318969 -366.355189
19.373777 -53.565225 -410.792025 -52.414045 -368.691467
19.471624 -44.901104 -319.779860 -51.563236 -370.780579
19.569472 -40.525344 -400.482703 -50.759230 -372.677012
19.667319 -41.065314 -372.929415 -49.995814 -374.421207
19.765166 -39.937280 -361.079788 -49.267715 -376.043772
19.863014 -45.033049 -400.637659 -48.570436 -377.568301
19.960861 -39.242773 -401.902265 -47.900125 -379.013295
20.058708 -44.286060 -461.867780 -47.253459 -380.393497
20.156556 -47.396555 -433.268440 -46.627552 -381.720845
20.254403 -44.942024 -295.550637 -46.019879 -383.005151
20.352250 -46.458182 -398.169029 -45.428214 -384.254604
20.450098 -36.801737 -398.016800 -44.850578 -385.476147
20.547945 -45.772018 -373.215541 -44.285201 -386.675758
20.645793 -51.964887 -230.913660 -43.730486 -387.858671
20.743640 -41.302693 -409.838477 -43.184979 -389.029544
20.841487 -38.638780 -366.310342 -42.647349 -390.192602
20.939335 -38.024363 -376.338417 -42.116364 -391.351742
21.037182 -47.954267 -402.225947 -41.590877 -392.510632
21.135029 -56.904267 -461.925829 -41.069810 -393.672789
21.232877 -39.891765 -455.036935 -40.552143 -394.841652
21.330724 -35.706095 -385.681871 -40.036900 -396.020643
21.428571 -40.904175 -456.948054 -39.523142 -397.213234
21.526419 -43.514832 -420.541271 -39.009956 -398.423003
21.624266 -41.514596 -397.759137 -38.496452 -399.653699
21.722114 -39.783351 -389.102336 -37.981749 -400.909309
21.819961 -42.689010 -405.431260 -37.464975 -402.194123
21.917808 -29.984455 -408.122624 -36.945260 -403.512818
22.015656 -34.355945 -403.352542 -36.421730 -404.870543
22.113503 -37.962666 -386.395974 -35.893504 -406.273025
22.211350 -35.769049 -362.972348 -35.359692 -407.726684
22.309198 -41.135849 -398.665492 -34.819395 -409.238777
22.407045 -32.655695 -422.599759 -34.271706 -410.817561
22.504892 -36.674754 -447.170278 -33.715713 -412.472492
22.602740 -38.728424 -395.711964 -33.150509 -414.214462
22.700587 -31.872751 -396.728192 -32.575210 -416.056077
22.798434 -30.036840 -398.456962 -31.988974 -418.011995
22.896282 -32.475001 -428.110639 -31.391042 -420.099319
22.994129 -32.140020 -430.838846 -30.780793 -422.338057
23.091977 -31.386715 -410.681178 -30.157824 -424.751647
23.189824 -29.963887 -413.230728 -29.522071 -427.367531
23.287671 -27.383867 -419.253035 -28.873977 -430.217731
23.385519 -27.479746 -445.304537 -28.214729 -433.339360
23.483366 -25.601291 -426.145084 -27.546591 -436.774886
23.581213 -26.979762 -432.551890 -26.873342 -440.571868
23.679061 -26.890602 -459.944887 -26.200843 -444.781699
23.776908 -25.733891 -454.485312 -25.537702 -449.456630
23.874755 -22.629364 -450.533082 -24.895950 -454.644184
23.972603 -26.607794 -452.168187 -24.291529 -460.378035
24.070450 -24.858715 -462.497896 -23.744196 -466.665146
24.168297 -22.373781 -471.200420 -23.276363 -473.470742
24.266145 -22.409400 -485.239054 -22.910460 -480.705673
24.363992 -21.849402 -485.514852 -22.664963 -488.223376
24.461840 -24.869275 -510.872916 -22.550163 -495.832822
24.559687 -24.542280 -502.332563 -22.565435 -503.327176
24.657534 -23.920605 -508.094178 -22.699394 -510.518680
24.755382 -22.051390 -517.630436 -22.932842 -517.266066
24.853229 -22.401157 -535.989312 -23.243051 -523.485802
24.951076 -23.421658 -525.491786 -23.607635 -529.147786
25.048924 -23.255841 -536.699584 -24.007031 -534.262188
25.146771 -24.985036 -535.755901 -24.425543 -538.864479
25.244618 -25.995036 -542.378830 -24.851347 -543.002911
25.342466 -24.079797 -545.342599 -25.275981 -546.729766
25.440313 -25.786667 -534.569528 -25.693657 -550.096063
25.538160 -24.623133 -562.313064 -26.100602 -553.148793
25.636008 -25.224835 -544.912792 -26.494508 -555.929776
25.733855 -27.879899 -535.007796 -26.874099 -558.475476
25.831703 -25.357059 -571.100519 -27.238809 -560.817289
25.929550 -26.481031 -567.657576 -27.588557 -562.982069
26.027397 -27.544372 -581.488588 -27.923573 -564.992701
26.125245 -28.444358 -567.762505 -28.244290 -566.868678
26.223092 -28.426621 -561.768071 -28.551264 -568.626607
26.320939 -27.704353 -562.530800 -28.845113 -570.280667
26.418787 -29.585747 -568.370727 -29.126488 -571.842991
26.516634 -30.408233 -561.077316 -29.396043 -573.323998
26.614481 -31.018822 -570.485138 -29.654424 -574.732655
26.712329 -28.633235 -572.700352 -29.902251 -576.076717
26.810176 -27.544722 -563.014872 -30.140121 -577.362905
26.908023 -32.955552 -573.582932 -30.368598 -578.597071
27.005871 -26.257619 -589.120526 -30.588214 -579.784327
27.103718 -29.603991 -574.055739 -30.799471 -580.929150
27.201566 -29.655439 -571.737538 -31.002836 -582.035482
27.299413 -29.823255 -570.989897 -31.198749 -583.106796
27.397260 -29.425187 -587.424464 -31.387619 -584.146170
27.495108 -36.011685 -584.344045 -31.569829 -585.156335
27.592955 -28.841451 -573.687744 -31.745735 -586.139724
27.690802 -35.170013 -585.060825 -31.915670 -587.098509
27.788650 -31.082112 -585.829867 -32.079944 -588.034637
27.886497 -33.538933 -592.757682 -32.238848 -588.949853
27.984344 -33.955977 -586.377243 -32.392653 -589.845732
28.082192 -34.359156 -607.989448 -32.541612 -590.723693
28.180039 -32.190959 -587.255745 -32.685961 -591.585020
28.277886 -31.442877 -613.127086 -32.825922 -592.430877
28.375734 -36.881591 -581.761419 -32.961702 -593.262323
28.473581 -32.635845 -582.953602 -33.093496 -594.080321
28.571429 -30.268060 -615.872786 -33.221486 -594.885751
28.669276 -36.586475 -565.784657 -33.345843 -595.679415
28.767123 -30.222378 -590.178265 -33.466729 -596.462051
28.864971 -30.380271 -563.528774 -33.584294 -597.234335
28.962818 -37.867260 -587.324483 -33.698682 -597.996886
29.060665 -31.636836 -580.114953 -33.810025 -598.750277
29.158513 -30.455479 -594.066924 -33.918450 -599.495035
29.256360 -34.019687 -623.254435 -34.024078 -600.231648
29.354207 -32.649827 -585.327863 -34.127020 -600.960566
29.452055 -34.997910 -585.857719 -34.227382 -601.682207
29.549902 -33.176677 -614.557726 -34.325267 -602.396959
29.647750 -35.543403 -583.474639 -34.420767 -603.105180
29.745597 -33.852085 -617.280445 -34.513975 -603.807207
29.843444 -37.024267 -599.949669 -34.604976 -604.503351
29.941292 -33.725369 -581.163140 -34.693850 -605.193903
30.039139 -31.699323 -605.886630 -34.780674 -605.879134
30.136986 -34.520839 -615.312625 -34.865523 -606.559299
30.234834 -37.547590 -590.092272 -34.948465 -607.234636
30.332681 -34.515515 -627.120358 -35.029566 -607.905366
30.430528 -37.193341 -642.973378 -35.108890 -608.571699
30.528376 -36.497975 -620.294113 -35.186496 -609.233832
30.626223 -34.471881 -594.569201 -35.262441 -609.891947
30.724070 -34.690341 -596.539830 -35.336780 -610.546219
30.821918 -34.720564 -604.387368 -35.409565 -611.196812
30.919765 -32.724239 -604.091028 -35.480846 -611.843878
31.017613 -32.992421 -610.746687 -35.550669 -612.487563
31.115460 -41.239989 -613.371881 -35.619081 -613.128004
31.213307 -32.232277 -603.369074 -35.686124 -613.765331
31.311155 -35.855860 -617.916790 -35.751840 -614.399665
31.409002 -35.832462 -636.040429 -35.816268 -615.031124
31.506849 -40.002228 -608.248987 -35.879447 -615.659817
31.604697 -33.888132 -637.413532 -35.941412 -616.285848
31.702544 -35.194164 -628.820628 -36.002200 -616.909315
31.800391 -38.048327 -651.218520 -36.061843 -617.530313
31.898239 -33.962497 -626.889799 -36.120373 -618.148930
31.996086 -36.871297 -628.088523 -36.177821 -618.765252
32.093933 -36.364170 -628.350198 -36.234217 -619.379359
32.191781 -40.000549 -611.796513 -36.289589 -619.991327
32.289628 -35.208103 -638.674347 -36.343965 -620.601230
32.387476 -35.370586 -621.082094 -36.397371 -621.209137
32.485323 -34.578021 -615.170593 -36.449832 -621.815114
32.583170 -37.111814 -607.315461 -36.501373 -622.419226
32.681018 -37.029391 -637.149096 -36.552016 -623.021532
32.778865 -44.349140 -589.247268 -36.601785 -623.622091
32.876712 -37.237286 -602.755253 -36.650702 -624.220957
32.974560 -36.408619 -619.530875 -36.698787 -624.818184
33.072407 -36.653548 -610.464932 -36.746060 -625.413822
33.170254 -32.941828 -627.896886 -36.792542 -626.007920
33.268102 -32.847876 -616.666825 -36.838250 -626.600524
33.365949 -34.578807 -634.432766 -36.883204 -627.191679
33.463796 -35.815557 -626.276115 -36.927420 -627.781427
33.561644 -34.090292 -614.748884 -36.970916 -628.369809
33.659491 -45.097384 -617.337171 -37.013708 -628.956864
33.757339 -39.226137 -610.269328 -37.055812 -629.542631
33.855186 -37.393498 -603.416598 -37.097243 -630.127146
33.953033 -37.471048 -639.946039 -37.138016 -630.710443
34.050881 -36.522255 -628.811852 -37.178145 -631.292555
34.148728 -38.180395 -639.301191 -37.217644 -631.873517
34.246575 -35.502343 -610.842490 -37.256527 -632.453357
34.344423 -33.811988 -620.299509 -37.294807 -633.032107
34.442270 -36.697752 -650.028183 -37.332496 -633.609795
34.540117 -34.996791 -619.956550 -37.369606 -634.186448
34.637965 -35.804554 -631.720799 -37.406150 -634.762094
34.735812 -35.353315 -632.754532 -37.442138 -635.336759
34.833659 -34.264166 -648.924459 -37.477582 -635.910467
34.931507 -40.644319 -635.309499 -37.512492 -636.483242
35.029354 -39.792981 -602.375514 -37.546880 -637.055108
35.127202 -33.159486 -636.890139 -37.580755 -637.626087
35.225049 -37.233358 -630.832742 -37.614126 -638.196200
35.322896 -36.872136 -639.684964 -37.647005 -638.765469
35.420744 -36.918623 -628.587312 -37.679399 -639.333914
35.518591 -40.059760 -645.260640 -37.711318 -639.901555
35.616438 -38.290108 -647.258601 -37.742771 -640.468410
35.714286 -37.933417 -629.798148 -37.773766 -641.034498
35.812133 -36.840039 -616.690138 -37.804312 -641.599837
35.909980 -34.930711 -647.583566 -37.834416 -642.164444
36.007828 -38.588058 -623.503312 -37.864086 -642.728335
36.105675 -34.786438 -619.310211 -37.893330 -643.291527
36.203523 -34.855861 -633.385902 -37.922155 -643.854036
36.301370 -44.367989 -647.565029 -37.950569 -644.415876
36.399217 -36.961502 -606.307837 -37.978579 -644.977062
36.497065 -39.392099 -616.392286 -38.006190 -645.537610
36.594912 -38.764372 -653.012171 -38.033411 -646.097532
36.692759 -36.371853 -635.818685 -38.060247 -646.656842
36.790607 -36.155109 -607.772963 -38.086705 -647.215554
36.888454 -37.296045 -642.449999 -38.112790 -647.773680
36.986301 -39.700614 -655.998413 -38.138510 -648.331232
37.084149 -33.815948 -648.457506 -38.163869 -648.888223
37.181996 -36.838725 -664.712131 -38.188873 -649.444664
37.279843 -38.594257 -614.305541 -38.213528 -650.000567
37.377691 -35.050800 -661.643807 -38.237839 -650.555942
37.475538 -39.581978 -654.606439 -38.261812 -651.110801
37.573386 -34.570769 -655.453651 -38.285451 -651.665154
37.671233 -37.958211 -639.964893 -38.308761 -652.219012
37.769080 -36.824951 -637.189102 -38.331748 -652.772384
37.866928 -39.420132 -677.481196 -38.354416 -653.325280
37.964775 -41.545514 -664.801231 -38.376770 -653.877709
38.062622 -40.287177 -640.324722 -38.398814 -654.429681
38.160470 -40.020927 -644.366516 -38.420553 -654.981205
38.258317 -35.217213 -642.863588 -38.441991 -655.532289
38.356164 -37.228671 -656.325951 -38.463132 -656.082942
38.454012 -37.113745 -640.859373 -38.483980 -656.633173
38.551859 -36.357516 -666.491021 -38.504540 -657.182989
38.649706 -34.893998 -652.541997 -38.524815 -657.732399
38.747554 -38.740255 -624.848299 -38.544808 -658.281411
38.845401 -39.339894 -679.837200 -38.564525 -658.830031
38.943249 -39.967086 -641.342897 -38.583968 -659.378268
39.041096 -35.892129 -616.355177 -38.603141 -659.926128
39.138943 -40.866878 -651.905345 -38.622047 -660.473619
39.236791 -38.279864 -688.273407 -38.640690 -661.020748
39.334638 -35.421390 -647.137944 -38.659073 -661.567521
39.432485 -35.285848 -643.008580 -38.677200 -662.113945
39.530333 -37.597572 -682.825414 -38.695073 -662.660027
39.628180 -39.937132 -641.212087 -38.712696 -663.205773
39.726027 -34.098522 -686.230215 -38.730072 -663.751189
39.823875 -41.402223 -683.830674 -38.747203 -664.296282
39.921722 -39.076339 -719.790628 -38.764093 -664.841056
40.019569 -39.716527 -659.754117 -38.780744 -665.385519
40.117417 -40.777867 -638.525256 -38.797159 -665.929675
40.215264 -50.131152 -698.381199 -38.813341 -666.473531
40.313112 -35.808691 -657.213832 -38.829293 -667.017091
40.410959 -37.403942 -665.045509 -38.845017 -667.560362
40.508806 -35.858838 -674.034249 -38.860515 -668.103349
40.606654 -39.903151 -654.250918 -38.875790 -668.646056
40.704501 -38.555044 -663.878014 -38.890845 -669.188489
40.802348 -40.705302 -700.125540 -38.905682 -669.730653
40.900196 -38.764323 -685.145569 -38.920303 -670.272552
40.998043 -34.911309 -685.601097 -38.934711 -670.814192
41.095890 -37.703741 -717.252492 -38.948907 -671.355578
41.193738 -40.820718 -670.665289 -38.962894 -671.896713
41.291585 -36.711660 -686.571905 -38.976675 -672.437602
41.389432 -35.387479 -649.138250 -38.990250 -672.978251
41.487280 -36.828404 -683.975017 -39.003622 -673.518662
41.585127 -38.626006 -667.036802 -39.016794 -674.058842
41.682975 -41.400145 -699.559386 -39.029766 -674.598793
41.780822 -42.917328 -657.459788 -39.042542 -675.138520
41.878669 -40.280055 -716.750755 -39.055122 -675.678027
41.976517 -35.302207 -664.566876 -39.067509 -676.217319
42.074364 -35.583446 -674.189086 -39.079704 -676.756398
42.172211 -40.156986 -635.511343 -39.091710 -677.295270
42.270059 -37.421127 -670.137430 -39.103527 -677.833937
42.367906 -37.639253 -672.318087 -39.115158 -678.372404
42.465753 -36.976314 -703.459590 -39.126605 -678.910675
42.563601 -58.331371 -508.371757 -39.137868 -679.448752
42.661448 -43.913719 -722.649786 -39.148949 -679.986640
42.759295 -38.801577 -687.860017 -39.159850 -680.524343
42.857143 -41.800344 -681.321504 -39.170573 -681.061863
42.954990 -38.357367 -651.993005 -39.181119 -681.599204
43.052838 -38.093226 -668.367355 -39.191489 -682.136370
43.150685 -39.423427 -686.850004 -39.201684 -682.673364
43.248532 -39.420033 -641.308108 -39.211707 -683.210189
43.346380 -40.653631 -630.834375 -39.221558 -683.746849
43.444227 -37.006430 -671.330065 -39.231239 -684.283346
43.542074 -39.383261 -717.320600 -39.240751 -684.819685
43.639922 -41.302028 -673.704820 -39.250095 -685.355867
43.737769 -40.288091 -673.810355 -39.259273 -685.891897
43.835616 -36.601557 -678.453517 -39.268285 -686.427777
43.933464 -36.988126 -678.853026 -39.277133 -686.963510
44.031311 -41.055635 -669.201147 -39.285819 -687.499100
44.129159 -42.744869 -683.270373 -39.294342 -688.034548
44.227006 -43.624083 -661.318712 -39.302705 -688.569859
44.324853 -40.129760 -698.884569 -39.310908 -689.105035
44.422701 -38.200081 -678.611275 -39.318952 -689.640079
44.520548 -42.017284 -751.739248 -39.326839 -690.174993
44.618395 -37.067642 -708.562305 -39.334569 -690.709781
44.716243 -36.714953 -709.493045 -39.342144 -691.244445
44.814090 -41.077988 -728.745524 -39.349563 -691.778988
44.911937 -34.211861 -684.269081 -39.356829 -692.313413
45.009785 -41.913713 -666.427047 -39.363943 -692.847722
45.107632 -43.003893 -744.067390 -39.370904 -693.381918
45.205479 -37.575660 -677.760433 -39.377714 -693.916003
45.303327 -37.657014 -698.128390 -39.384374 -694.449981
45.401174 -38.712518 -694.475783 -39.390884 -694.983853
45.499022 -42.494091 -753.750861 -39.397245 -695.517623
45.596869 -38.224611 -719.628092 -39.403459 -696.051292
45.694716 -38.398155 -689.182435 -39.409526 -696.584863
45.792564 -44.090912 -710.138442 -39.415446 -697.118339
45.890411 -37.096432 -706.042710 -39.421220 -697.651722
45.988258 -41.037014 -680.691617 -39.426850 -698.185015
46.086106 -36.893352 -741.909804 -39.432335 -698.718220
46.183953 -43.262576 -691.017153 -39.437676 -699.251339
46.281800 -37.563933 -712.332035 -39.442875 -699.784375
46.379648 -36.992651 -723.229963 -39.447931 -700.317330
46.477495 -40.543290 -727.909032 -39.452845 -700.850207
46.575342 -35.647631 -719.721475 -39.457618 -701.383007
46.673190 -40.440917 -716.974414 -39.462250 -701.915733
46.771037 -51.817121 -765.229827 -39.466743 -702.448388
46.868885 -37.133558 -716.446646 -39.471095 -702.980973
46.966732 -38.882053 -693.045982 -39.475309 -703.513491
47.064579 -40.851651 -732.197210 -39.479384 -704.045944
47.162427 -37.481158 -683.129237 -39.483321 -704.578334
47.260274 -41.166063 -689.214989 -39.487120 -705.110664
47.358121 -39.026395 -735.411036 -39.490782 -705.642935
47.455969 -38.658554 -735.044548 -39.494307 -706.175151
47.553816 -42.156457 -713.010558 -39.497696 -706.707312
47.651663 -36.952183 -708.118008 -39.500948 -707.239422
47.749511 -43.350701 -653.006465 -39.504066 -707.771482
47.847358 -37.123708 -699.250109 -39.507048 -708.303495
47.945205 -35.813828 -709.533854 -39.509895 -708.835462
48.043053 -48.348150 -728.563005 -39.512607 -709.367386
48.140900 -39.236570 -668.779093 -39.515185 -709.899269
48.238748 -44.764242 -683.693580 -39.517629 -710.431113
48.336595 -41.892677 -675.118361 -39.519940 -710.962920
48.434442 -33.937834 -695.778621 -39.522117 -711.494693
48.532290 -37.518273 -717.086717 -39.524161 -712.026432
48.630137 -35.465395 -731.312600 -39.526072 -712.558141
48.727984 -42.653625 -736.794361 -39.527850 -713.089822
48.825832 -36.625474 -735.575577 -39.529496 -713.621475
48.923679 -40.438172 -720.896566 -39.531009 -714.153105
49.021526 -43.457663 -679.492411 -39.532390 -714.684712
49.119374 -38.267558 -689.234628 -39.533639 -715.216299
49.217221 -38.121905 -752.005976 -39.534757 -715.747867
49.315068 -38.327557 -704.748738 -39.535742 -716.279419
49.412916 -33.000278 -748.136293 -39.536596 -716.810957
49.510763 -40.542110 -695.702585 -39.537319 -717.342483
49.608611 -45.317536 -733.811922 -39.537910 -717.873998
49.706458 -35.241324 -730.343309 -39.538369 -718.405506
49.804305 -41.701596 -740.882112 -39.538697 -718.937007
49.902153 -35.515167 -732.170728 -39.538894 -719.468505
50.000000 -39.512190 -783.809313 -39.538960 -720.000000
