-10.000000	0.000000
0.000000	0.000000
49.000000	0.197754
51.000000	0.483398
40.000000	0.747070
117.000000	1.252441
108.000000	1.911621
109.000000	2.614746
143.000000	3.405762
178.000000	4.306641
179.000000	5.339355
174.000000	6.416016
195.000000	7.580566
206.000000	8.833008
258.000000	10.195313
264.000000	11.711426
264.000000	13.315430
298.000000	14.941406
289.000000	16.655273
306.000000	18.457031
328.000000	20.280762
329.000000	22.148438
347.000000	24.060059
370.000000	26.103516
374.000000	28.234863
369.000000	30.344238
390.000000	32.541504
402.000000	34.782715
379.000000	37.001953
382.000000	39.265137
396.000000	41.594238
400.000000	43.967285
412.000000	46.384277
395.000000	48.801270
419.000000	51.262207
425.000000	53.701172
449.000000	56.228027
410.000000	58.776855
445.000000	61.303711
419.000000	63.896484
421.000000	66.489258
439.000000	69.060059
451.000000	71.652832
467.000000	74.333496
444.000000	77.058105
430.000000	79.738770
476.000000	82.441406
479.000000	85.144043
449.000000	87.934570
450.000000	90.725098
499.000000	93.493652
460.000000	96.306152
458.000000	99.118652
502.000000	101.997070
469.000000	104.809570
485.000000	107.709961
501.000000	110.588379
488.000000	113.488770
495.000000	116.411133
497.000000	119.421387
479.000000	122.431641
503.000000	125.441895
499.000000	128.430176
506.000000	131.440430
494.000000	134.494629
519.000000	137.526855
513.000000	140.537109
495.000000	143.657227
559.000000	146.711426
513.000000	149.831543
516.000000	152.951660
508.000000	156.093750
526.000000	159.235840
549.000000	162.421875
536.000000	165.651855
525.000000	168.837891
559.000000	172.067871
552.000000	175.319824
526.000000	-181.406250
580.000000	-178.088379
532.000000	-174.814453
567.000000	-171.496582
560.000000	-168.156738
577.000000	-164.772949
567.000000	-161.455078
540.000000	-158.093262
577.000000	-154.753418
526.000000	-151.325684
559.000000	-147.941895
576.000000	-144.536133
572.000000	-141.152344
579.000000	-137.724609
596.000000	-134.252930
582.000000	-130.847168
589.000000	-127.397461
576.000000	-123.969727
578.000000	-120.476074
587.000000	-117.026367
565.000000	-113.620605
557.000000	-110.192871
576.000000	-106.743164
595.000000	-103.315430
579.000000	-99.909668
562.000000	-96.503906
574.000000	-93.054199
549.000000	-89.648438
542.000000	-86.286621
557.000000	-82.924805
569.000000	-79.584961
567.000000	-76.223145
566.000000	-72.905273
579.000000	-69.587402
587.000000	-66.269531
536.000000	-62.929688
550.000000	-59.545898
547.000000	-56.206055
515.000000	-52.910156
550.000000	-49.658203
528.000000	-46.406250
531.000000	-43.154297
569.000000	-39.902344
535.000000	-36.672363
512.000000	-33.442383
539.000000	-30.212402
525.000000	-27.026367
557.000000	-23.796387
527.000000	-20.610352
545.000000	-17.402344
558.000000	-14.150391
547.000000	-11.008301
563.000000	-7.778320
549.000000	-4.614258
512.000000	-1.384277
528.000000	1.867676
549.000000	5.075684
512.000000	8.239746
547.000000	11.447754
549.000000	14.655762
537.000000	17.863770
526.000000	21.049805
549.000000	24.191895
556.000000	27.443848
525.000000	30.651855
550.000000	33.859863
527.000000	37.045898
542.000000	40.209961
520.000000	43.374023
546.000000	46.604004
562.000000	49.768066
549.000000	52.954102
525.000000	56.074219
527.000000	59.282227
538.000000	62.446289
546.000000	65.610352
496.000000	68.730469
536.000000	71.872559
524.000000	75.058594
529.000000	78.266602
507.000000	81.452637
524.000000	84.572754
549.000000	87.780762
553.000000	90.988770
548.000000	94.152832
540.000000	97.360840
512.000000	100.502930
528.000000	103.732910
549.000000	106.962891
536.000000	110.148926
519.000000	113.334961
541.000000	116.564941
556.000000	119.838867
579.000000	123.134766
541.000000	126.386719
527.000000	129.594727
551.000000	132.868652
578.000000	136.120605
556.000000	139.350586
541.000000	142.624512
559.000000	145.832520
536.000000	149.128418
538.000000	152.424316
557.000000	155.720215
515.000000	159.016113
559.000000	162.312012
585.000000	165.651855
554.000000	168.991699
589.000000	172.353516
544.000000	175.693359
603.000000	-180.900879
569.000000	-177.495117
554.000000	-174.089355
605.000000	-170.683594
587.000000	-167.255859
606.000000	-163.784180
566.000000	-160.378418
577.000000	-156.906738
625.000000	-153.435059
599.000000	-150.007324
572.000000	-146.513672
566.000000	-143.063965
609.000000	-139.592285
572.000000	-136.098633
596.000000	-132.583008
600.000000	-129.111328
599.000000	-125.617676
578.000000	-122.124023
600.000000	-118.630371
578.000000	-115.136719
587.000000	-111.643066
548.000000	-108.193359
594.000000	-104.699707
593.000000	-101.250000
569.000000	-97.800293
586.000000	-94.372559
592.000000	-90.856934
599.000000	-87.473145
555.000000	-84.089355
546.000000	-80.727539
599.000000	-77.365723
575.000000	-73.981934
536.000000	-70.664063
567.000000	-67.280273
556.000000	-63.962402
589.000000	-60.534668
557.000000	-57.172852
555.000000	-53.854980
549.000000	-50.559082
542.000000	-47.285156
546.000000	-44.011230
560.000000	-40.737305
542.000000	-37.485352
557.000000	-34.277344
560.000000	-31.025391
539.000000	-27.795410
557.000000	-24.565430
539.000000	-21.357422
567.000000	-18.149414
547.000000	-14.919434
519.000000	-11.711426
547.000000	-8.525391
553.000000	-5.339355
569.000000	-2.087402
526.000000	1.120605
503.000000	4.306641
539.000000	7.514648
524.000000	10.722656
536.000000	13.952637
537.000000	17.138672
525.000000	20.346680
486.000000	23.510742
557.000000	26.740723
556.000000	29.926758
549.000000	33.134766
532.000000	36.342773
535.000000	39.528809
539.000000	42.692871
522.000000	45.878906
527.000000	49.064941
530.000000	52.250977
539.000000	55.371094
527.000000	58.579102
539.000000	61.743164
538.000000	64.885254
516.000000	68.027344
519.000000	71.169434
546.000000	74.355469
536.000000	77.541504
520.000000	80.705566
507.000000	83.869629
542.000000	87.055664
559.000000	90.241699
524.000000	93.427734
552.000000	96.613770
549.000000	99.777832
525.000000	102.985840
506.000000	106.215820
537.000000	109.401855
555.000000	112.609863
516.000000	115.795898
546.000000	119.069824
555.000000	122.365723
569.000000	125.617676
544.000000	128.891602
567.000000	132.121582
549.000000	135.351563
543.000000	138.603516
547.000000	141.855469
530.000000	145.085449
577.000000	148.359375
557.000000	151.677246
568.000000	154.951172
567.000000	158.269043
556.000000	161.564941
540.000000	164.904785
526.000000	168.244629
581.000000	171.606445
551.000000	174.946289
577.000000	-181.647949
552.000000	-178.242188
579.000000	-174.836426
587.000000	-171.408691
568.000000	-168.002930
599.000000	-164.531250
556.000000	-161.103516
569.000000	-157.631836
596.000000	-154.204102
594.000000	-150.710449
609.000000	-147.238770
577.000000	-143.789063
584.000000	-140.339355
599.000000	-136.867676
584.000000	-133.308105
587.000000	-129.814453
578.000000	-126.320801
573.000000	-122.849121
598.000000	-119.333496
587.000000	-115.817871
596.000000	-112.368164
569.000000	-108.896484
592.000000	-105.380859
586.000000	-101.909180
569.000000	-98.481445
561.000000	-95.053711
586.000000	-91.538086
582.000000	-88.154297
579.000000	-84.726563
558.000000	-81.386719
580.000000	-78.002930
569.000000	-74.619141
537.000000	-71.279297
569.000000	-67.917480
579.000000	-64.577637
567.000000	-61.171875
538.000000	-57.788086
576.000000	-54.470215
563.000000	-51.174316
559.000000	-47.878418
544.000000	-44.604492
553.000000	-41.352539
559.000000	-38.078613
545.000000	-34.848633
547.000000	-31.618652
509.000000	-28.410645
576.000000	-25.158691
505.000000	-21.950684
558.000000	-18.742676
586.000000	-15.512695
549.000000	-12.282715
531.000000	-9.074707
536.000000	-5.888672
559.000000	-2.680664
553.000000	0.549316
546.000000	3.757324
541.000000	6.965332
569.000000	10.151367
546.000000	13.381348
531.000000	16.589355
538.000000	19.753418
526.000000	22.939453
529.000000	26.147461
549.000000	29.333496
516.000000	32.563477
550.000000	35.771484
536.000000	38.935547
544.000000	42.099609
569.000000	45.307617
534.000000	48.471680
543.000000	51.657715
539.000000	54.799805
513.000000	57.963867
496.000000	61.149902
547.000000	64.313965
535.000000	67.456055
517.000000	70.554199
527.000000	73.740234
525.000000	76.948242
539.000000	80.112305
511.000000	83.276367
527.000000	86.440430
539.000000	89.626465
552.000000	92.834473
538.000000	95.976563
560.000000	99.162598
558.000000	102.392578
536.000000	105.600586
549.000000	108.786621
567.000000	111.994629
536.000000	115.158691
550.000000	118.454590
546.000000	121.728516
536.000000	125.002441
539.000000	128.276367
538.000000	131.462402
552.000000	134.736328
559.000000	137.966309
535.000000	141.218262
561.000000	144.448242
559.000000	147.722168
565.000000	151.040039
517.000000	154.335938
566.000000	157.609863
575.000000	160.905762
547.000000	164.267578
557.000000	167.585449
576.000000	170.947266
579.000000	174.287109
553.000000	-182.285156
577.000000	-178.901367
579.000000	-175.517578
563.000000	-172.089844
587.000000	-168.684082
579.000000	-165.212402
587.000000	-161.784668
567.000000	-158.334961
579.000000	-154.907227
587.000000	-151.413574
588.000000	-147.941895
560.000000	-144.470215
587.000000	-141.020508
572.000000	-137.548828
581.000000	-133.989258
576.000000	-130.517578
612.000000	-127.023926
599.000000	-123.552246
576.000000	-120.014648
578.000000	-116.520996
589.000000	-113.027344
566.000000	-109.555664
568.000000	-106.062012
577.000000	-102.612305
584.000000	-99.162598
579.000000	-95.712891
577.000000	-92.219238
584.000000	-88.813477
579.000000	-85.385742
553.000000	-82.045898
557.000000	-78.684082
569.000000	-75.278320
553.000000	-71.938477
568.000000	-68.598633
568.000000	-65.258789
576.000000	-61.875000
567.000000	-58.469238
540.000000	-55.129395
556.000000	-51.833496
519.000000	-48.581543
520.000000	-45.285645
536.000000	-42.011719
561.000000	-38.759766
559.000000	-35.529785
536.000000	-32.299805
541.000000	-29.069824
558.000000	-25.839844
536.000000	-22.609863
538.000000	-19.401855
547.000000	-16.193848
536.000000	-12.985840
498.000000	-9.777832
538.000000	-6.591797
554.000000	-3.405762
549.000000	-0.197754
512.000000	3.032227
553.000000	6.240234
529.000000	9.426270
533.000000	12.656250
519.000000	15.820313
529.000000	18.984375
547.000000	22.170410
546.000000	25.334473
519.000000	28.520508
557.000000	31.728516
539.000000	34.914551
509.000000	38.078613
527.000000	41.242676
549.000000	44.384766
521.000000	47.570801
546.000000	50.712891
531.000000	53.833008
579.000000	56.997070
505.000000	60.117188
511.000000	63.259277
549.000000	66.401367
516.000000	69.455566
498.000000	72.619629
546.000000	75.761719
525.000000	78.903809
508.000000	82.023926
538.000000	85.100098
534.000000	88.264160
519.000000	91.428223
533.000000	94.548340
546.000000	97.690430
529.000000	100.832520
534.000000	103.974609
516.000000	107.160645
539.000000	110.280762
536.000000	113.422852
559.000000	116.608887
538.000000	119.838867
566.000000	123.046875
579.000000	126.276855
520.000000	129.462891
557.000000	132.692871
540.000000	135.878906
521.000000	139.086914
556.000000	142.338867
531.000000	145.568848
558.000000	148.886719
547.000000	152.226563
559.000000	155.588379
578.000000	158.994141
588.000000	162.465820
569.000000	165.959473
596.000000	169.541016
603.000000	173.144531
649.000000	-183.120117
645.000000	-179.362793
652.000000	-175.561523
669.000000	-171.672363
678.000000	-167.717285
668.000000	-163.652344
699.000000	-159.587402
679.000000	-155.434570
688.000000	-151.171875
733.000000	-146.843262
773.000000	-142.470703
739.000000	-138.032227
762.000000	-133.483887
813.000000	-128.847656
789.000000	-124.167480
777.000000	-119.421387
820.000000	-114.609375
815.000000	-109.753418
829.000000	-104.787598
820.000000	-99.865723
874.000000	-94.790039
858.000000	-89.626465
848.000000	-84.550781
855.000000	-79.409180
886.000000	-74.179688
867.000000	-68.950195
875.000000	-63.588867
889.000000	-58.161621
899.000000	-52.756348
939.000000	-47.285156
898.000000	-41.857910
917.000000	-36.342773
949.000000	-30.783691
935.000000	-25.180664
912.000000	-19.555664
978.000000	-13.776855
957.000000	-8.041992
963.000000	-2.241211
977.000000	3.625488
1020.000000	9.558105
1029.000000	15.556641
993.000000	21.489258
1071.000000	27.531738
1019.000000	33.640137
995.000000	39.726563
1045.000000	45.812988
1021.000000	51.943359
1036.000000	58.051758
1029.000000	64.204102
1031.000000	70.268555
1084.000000	76.464844
1011.000000	82.595215
997.000000	88.747559
1025.000000	94.921875
1011.000000	101.052246
1008.000000	107.248535
1012.000000	113.334961
1044.000000	119.531250
1069.000000	125.749512
1030.000000	131.879883
1025.000000	137.966309
1019.000000	144.030762
1030.000000	150.139160
974.000000	156.225586
1025.000000	162.268066
1030.000000	168.398438
976.000000	174.418945
1055.000000	-179.450684
1049.000000	-173.408203
1069.000000	-167.321777
974.000000	-161.257324
1019.000000	-155.236816
1029.000000	-149.260254
983.000000	-143.283691
969.000000	-137.351074
1009.000000	-131.396484
975.000000	-125.573730
949.000000	-119.663086
949.000000	-113.928223
966.000000	-108.215332
931.000000	-102.568359
908.000000	-97.031250
948.000000	-91.450195
929.000000	-86.066895
867.000000	-80.837402
869.000000	-75.585938
868.000000	-70.488281
879.000000	-65.434570
855.000000	-60.380859
836.000000	-55.458984
778.000000	-50.668945
764.000000	-45.966797
740.000000	-41.374512
722.000000	-36.870117
732.000000	-32.409668
731.000000	-28.103027
713.000000	-23.862305
702.000000	-19.665527
679.000000	-15.578613
636.000000	-11.623535
647.000000	-7.690430
649.000000	-3.889160
617.000000	-0.109863
595.000000	3.515625
577.000000	7.075195
606.000000	10.546875
549.000000	13.908691
538.000000	17.226563
556.000000	20.390625
519.000000	23.466797
500.000000	26.455078
488.000000	29.399414
471.000000	32.233887
450.000000	34.980469
418.000000	37.595215
423.000000	40.122070
419.000000	42.604980
391.000000	44.956055
355.000000	47.263184
379.000000	49.438477
351.000000	51.547852
315.000000	53.547363
333.000000	55.458984
316.000000	57.348633
299.000000	59.172363
292.000000	60.908203
267.000000	62.556152
279.000000	64.116211
246.000000	65.566406
232.000000	66.972656
235.000000	68.312988
195.000000	69.565430
182.000000	70.795898
205.000000	72.004395
188.000000	73.190918
179.000000	74.289551
173.000000	75.388184
158.000000	76.398926
139.000000	77.321777
132.000000	78.200684
117.000000	79.013672
127.000000	79.782715
109.000000	80.507813
126.000000	81.166992
88.000000	81.804199
109.000000	82.397461
82.000000	82.946777
71.000000	83.474121
97.000000	83.979492
82.000000	84.440918
81.000000	84.924316
78.000000	85.407715
108.000000	85.913086
99.000000	86.418457
82.000000	86.967773
108.000000	87.539063
109.000000	88.110352
102.000000	88.681641
101.000000	89.252930
107.000000	89.824219
89.000000	90.373535
101.000000	90.966797
97.000000	91.516113
99.000000	92.087402
79.000000	92.636719
92.000000	93.186035
87.000000	93.735352
109.000000	94.328613
81.000000	94.921875
107.000000	95.559082
117.000000	96.218262
119.000000	96.921387
113.000000	97.624512
127.000000	98.371582
139.000000	99.140625
134.000000	99.997559
173.000000	100.942383
195.000000	101.997070
197.000000	103.095703
193.000000	104.282227
205.000000	105.534668
226.000000	106.853027
219.000000	108.193359
236.000000	109.577637
243.000000	111.049805
289.000000	112.565918
267.000000	114.147949
283.000000	115.839844
303.000000	117.663574
327.000000	119.553223
369.000000	121.552734
352.000000	123.596191
366.000000	125.705566
379.000000	127.902832
389.000000	130.144043
419.000000	132.517090
449.000000	134.978027
439.000000	137.526855
460.000000	140.119629
461.000000	142.844238
478.000000	145.634766
516.000000	148.557129
510.000000	151.567383
536.000000	154.665527
547.000000	157.851563
530.000000	161.125488
585.000000	164.553223
581.000000	168.046875
591.000000	171.628418
644.000000	175.319824
651.000000	-180.834961
659.000000	-176.923828
659.000000	-172.924805
690.000000	-168.793945
748.000000	-164.531250
732.000000	-160.246582
720.000000	-155.874023
752.000000	-151.325684
782.000000	-146.733398
809.000000	-142.097168
800.000000	-137.329102
831.000000	-132.407227
869.000000	-127.463379
861.000000	-122.431641
870.000000	-117.312012
892.000000	-112.104492
872.000000	-106.875000
881.000000	-101.579590
882.000000	-96.218262
934.000000	-90.747070
859.000000	-85.341797
929.000000	-79.870605
944.000000	-74.377441
959.000000	-68.840332
929.000000	-63.171387
948.000000	-57.436523
964.000000	-51.745605
950.000000	-46.032715
976.000000	-40.297852
994.000000	-34.519043
1018.000000	-28.696289
938.000000	-22.895508
963.000000	-16.984863
1018.000000	-11.052246
980.000000	-5.141602
994.000000	0.922852
1016.000000	6.965332
1028.000000	13.051758
1049.000000	19.116211
1015.000000	25.202637
1068.000000	31.376953
1059.000000	37.507324
1006.000000	43.637695
1062.000000	49.768066
1047.000000	55.898438
1007.000000	61.984863
991.000000	68.049316
1018.000000	74.113770
1023.000000	80.178223
1049.000000	86.198730
981.000000	92.285156
1013.000000	98.217773
1029.000000	104.238281
970.000000	110.192871
1026.000000	116.103516
1022.000000	122.124023
1002.000000	128.078613
978.000000	133.901367
983.000000	139.724121
967.000000	145.480957
939.000000	151.303711
946.000000	157.016602
977.000000	162.751465
960.000000	168.486328
936.000000	174.133301
967.000000	-180.131836
950.000000	-174.484863
989.000000	-168.859863
939.000000	-163.256836
939.000000	-157.697754
939.000000	-152.138672
904.000000	-146.667480
861.000000	-141.284180
921.000000	-135.900879
864.000000	-130.539551
830.000000	-125.288086
870.000000	-120.058594
843.000000	-114.916992
879.000000	-109.841309
818.000000	-104.831543
813.000000	-99.997559
819.000000	-95.185547
757.000000	-90.373535
772.000000	-85.803223
756.000000	-81.320801
728.000000	-76.882324
732.000000	-72.553711
707.000000	-68.356934
728.000000	-64.182129
662.000000	-60.051270
651.000000	-56.074219
645.000000	-52.163086
618.000000	-48.449707
590.000000	-44.780273
586.000000	-41.242676
582.000000	-37.749023
579.000000	-34.387207
545.000000	-31.091309
533.000000	-27.927246
539.000000	-24.807129
504.000000	-21.840820
475.000000	-18.918457
489.000000	-16.062012
442.000000	-13.315430
425.000000	-10.678711
430.000000	-8.107910
416.000000	-5.690918
419.000000	-3.273926
378.000000	-0.944824
376.000000	1.296387
389.000000	3.427734
338.000000	5.493164
313.000000	7.448730
324.000000	9.316406
308.000000	11.162109
293.000000	12.919922
294.000000	14.633789
298.000000	16.237793
247.000000	17.775879
234.000000	19.182129
234.000000	20.566406
196.000000	21.840820
183.000000	23.027344
185.000000	24.169922
197.000000	25.290527
179.000000	26.389160
185.000000	27.465820
177.000000	28.498535
159.000000	29.487305
144.000000	30.432129
142.000000	31.289063
136.000000	32.080078
133.000000	32.827148
111.000000	33.486328
87.000000	34.101563
99.000000	34.650879
79.000000	35.156250
61.000000	35.639648
69.000000	36.079102
69.000000	36.474609
71.000000	36.826172
68.000000	37.155762
78.000000	37.441406
59.000000	37.705078
58.000000	37.968750
39.000000	38.210449
49.000000	38.452148
41.000000	38.693848
40.000000	38.979492
39.000000	39.265137
59.000000	39.594727
50.000000	39.924316
68.000000	40.341797
69.000000	40.803223
109.000000	41.308594
113.000000	41.879883
108.000000	42.495117
129.000000	43.154297
123.000000	43.813477
111.000000	44.538574
146.000000	45.285645
138.000000	46.032715
111.000000	46.779785
146.000000	47.570801
128.000000	48.339844
149.000000	49.152832
153.000000	50.031738
157.000000	50.932617
159.000000	51.877441
174.000000	52.888184
195.000000	53.964844
186.000000	55.107422
228.000000	56.337891
212.000000	57.700195
235.000000	59.128418
238.000000	60.600586
259.000000	62.160645
245.000000	63.720703
283.000000	65.390625
289.000000	67.126465
316.000000	68.906250
321.000000	70.795898
344.000000	72.795410
359.000000	74.904785
360.000000	77.124023
383.000000	79.343262
389.000000	81.694336
392.000000	84.089355
426.000000	86.638184
441.000000	89.230957
475.000000	91.977539
479.000000	94.768066
497.000000	97.624512
513.000000	100.590820
529.000000	103.710938
544.000000	106.875000
515.000000	110.126953
579.000000	113.444824
616.000000	116.916504
597.000000	120.498047
635.000000	124.167480
654.000000	127.946777
679.000000	131.748047
654.000000	135.637207
684.000000	139.614258
679.000000	143.701172
705.000000	147.897949
722.000000	152.182617
739.000000	156.511230
736.000000	160.971680
773.000000	165.563965
795.000000	170.200195
827.000000	174.946289
825.000000	-180.131836
872.000000	-175.231934
876.000000	-170.178223
856.000000	-164.992676
853.000000	-159.807129
929.000000	-154.511719
918.000000	-149.084473
886.000000	-143.679199
948.000000	-138.120117
958.000000	-132.451172
958.000000	-126.804199
944.000000	-121.047363
913.000000	-115.202637
999.000000	-109.357910
987.000000	-103.447266
962.000000	-97.558594
1028.000000	-91.538086
1032.000000	-85.605469
1019.000000	-79.628906
1007.000000	-73.630371
1040.000000	-67.631836
1069.000000	-61.589355
983.000000	-55.415039
1008.000000	-49.372559
1049.000000	-43.286133
983.000000	-37.243652
1005.000000	-31.179199
1031.000000	-25.070801
1066.000000	-18.984375
1010.000000	-12.832031
1031.000000	-6.701660
1057.000000	-0.505371
1042.000000	5.646973
1029.000000	11.865234
1027.000000	18.061523
1043.000000	24.191895
1050.000000	30.410156
1034.000000	36.606445
1055.000000	42.714844
1039.000000	48.845215
996.000000	54.909668
993.000000	60.952148
1009.000000	66.928711
1009.000000	72.905273
942.000000	78.837891
988.000000	84.704590
988.000000	90.615234
1019.000000	96.416016
1006.000000	102.172852
971.000000	107.929688
979.000000	113.554688
953.000000	119.267578
941.000000	124.936523
939.000000	130.451660
911.000000	135.988770
910.000000	141.416016
941.000000	146.821289
913.000000	152.160645
877.000000	157.456055
902.000000	162.707520
894.000000	167.958984
809.000000	173.122559
837.000000	-181.691895
850.000000	-176.594238
838.000000	-171.562500
826.000000	-166.574707
810.000000	-161.630859
817.000000	-156.752930
827.000000	-151.940918
783.000000	-147.194824
751.000000	-142.514648
778.000000	-137.944336
763.000000	-133.352051
762.000000	-128.869629
723.000000	-124.519043
712.000000	-120.212402
701.000000	-115.993652
704.000000	-111.862793
692.000000	-107.863770
689.000000	-103.908691
594.000000	-100.085449
597.000000	-96.372070
619.000000	-92.680664
554.000000	-89.121094
586.000000	-85.715332
548.000000	-82.397461
556.000000	-79.167480
539.000000	-76.025391
519.000000	-72.971191
507.000000	-70.048828
489.000000	-67.192383
449.000000	-64.423828
458.000000	-61.699219
423.000000	-59.040527
398.000000	-56.535645
410.000000	-54.118652
394.000000	-51.833496
379.000000	-49.614258
330.000000	-47.482910
325.000000	-45.417480
329.000000	-43.417969
329.000000	-41.528320
264.000000	-39.748535
283.000000	-38.034668
267.000000	-36.430664
249.000000	-34.870605
244.000000	-33.354492
256.000000	-31.882324
229.000000	-30.498047
225.000000	-29.157715
212.000000	-27.905273
195.000000	-26.762695
174.000000	-25.664063
151.000000	-24.609375
166.000000	-23.642578
158.000000	-22.719727
149.000000	-21.884766
122.000000	-21.071777
139.000000	-20.302734
129.000000	-19.555664
112.000000	-18.808594
126.000000	-18.083496
108.000000	-17.380371
143.000000	-16.699219
97.000000	-16.062012
108.000000	-15.446777
99.000000	-14.897461
92.000000	-14.370117
50.000000	-13.908691
79.000000	-13.491211
61.000000	-13.095703
61.000000	-12.722168
39.000000	-12.392578
49.000000	-12.062988
69.000000	-11.755371
51.000000	-11.447754
49.000000	-11.140137
59.000000	-10.876465
51.000000	-10.568848
40.000000	-10.305176
49.000000	-9.997559
49.000000	-9.689941
40.000000	-9.382324
68.000000	-9.052734
49.000000	-8.701172
69.000000	-8.327637
61.000000	-7.910156
78.000000	-7.470703
69.000000	-6.987305
81.000000	-6.481934
97.000000	-5.888672
88.000000	-5.251465
149.000000	-4.526367
144.000000	-3.713379
147.000000	-2.812500
189.000000	-1.823730
175.000000	-0.791016
162.000000	0.285645
185.000000	1.450195
197.000000	2.636719
193.000000	3.867188
234.000000	5.185547
236.000000	6.525879
259.000000	7.954102
257.000000	9.470215
273.000000	11.074219
309.000000	12.788086
298.000000	14.589844
304.000000	16.457520
322.000000	18.413086
317.000000	20.412598
349.000000	22.500000
351.000000	24.653320
426.000000	26.982422
399.000000	29.377441
420.000000	31.882324
439.000000	34.453125
441.000000	37.111816
450.000000	39.792480
479.000000	42.648926
500.000000	45.571289
547.000000	48.581543
516.000000	51.679688
520.000000	54.843750
557.000000	58.139648
557.000000	61.523438
571.000000	64.951172
593.000000	68.466797
630.000000	72.092285
669.000000	75.849609
644.000000	79.650879
650.000000	83.540039
709.000000	87.561035
669.000000	91.647949
699.000000	95.800781
712.000000	100.041504
732.000000	104.392090
732.000000	108.808594
742.000000	113.269043
792.000000	117.883301
799.000000	122.607422
799.000000	127.419434
851.000000	132.231445
849.000000	137.109375
851.000000	142.053223
861.000000	147.106934
853.000000	152.248535
915.000000	157.456055
891.000000	162.707520
892.000000	168.112793
924.000000	173.540039
941.000000	-180.900879
918.000000	-175.297852
964.000000	-169.606934
979.000000	-163.784180
939.000000	-158.005371
996.000000	-152.094727
1024.000000	-146.140137
1029.000000	-140.163574
1020.000000	-134.055176
1053.000000	-127.946777
1068.000000	-121.794434
1043.000000	-115.576172
1014.000000	-109.401855
1034.000000	-103.161621
1059.000000	-96.899414
1026.000000	-90.615234
1026.000000	-84.418945
1080.000000	-78.222656
1069.000000	-72.026367
1016.000000	-65.852051
1089.000000	-59.501953
1069.000000	-53.327637
1018.000000	-47.197266
1027.000000	-41.022949
1038.000000	-34.958496
1053.000000	-28.806152
1001.000000	-22.719727
1038.000000	-16.611328
1032.000000	-10.546875
1019.000000	-4.504395
1011.000000	1.647949
1014.000000	7.690430
1039.000000	13.732910
973.000000	19.731445
994.000000	25.708008
1032.000000	31.662598
1008.000000	37.595215
960.000000	43.439941
973.000000	49.262695
967.000000	54.975586
939.000000	60.688477
915.000000	66.313477
939.000000	71.828613
949.000000	77.409668
897.000000	82.836914
916.000000	88.242188
890.000000	93.559570
899.000000	98.811035
842.000000	104.062500
799.000000	109.160156
869.000000	114.169922
822.000000	119.245605
790.000000	124.233398
803.000000	129.133301
802.000000	133.901367
799.000000	138.581543
781.000000	143.195801
773.000000	147.744141
769.000000	152.248535
736.000000	156.665039
732.000000	161.037598
718.000000	165.366211
675.000000	169.562988
693.000000	173.715820
687.000000	-182.153320
688.000000	-178.110352
650.000000	-174.155273
631.000000	-170.244141
667.000000	-166.398926
609.000000	-162.663574
590.000000	-158.994141
576.000000	-155.434570
603.000000	-151.896973
599.000000	-148.447266
566.000000	-145.129395
513.000000	-141.877441
519.000000	-138.713379
524.000000	-135.615234
477.000000	-132.561035
509.000000	-129.638672
452.000000	-126.782227
455.000000	-124.057617
479.000000	-121.354980
456.000000	-118.740234
429.000000	-116.213379
401.000000	-113.840332
406.000000	-111.489258
379.000000	-109.270020
338.000000	-107.072754
343.000000	-104.985352
333.000000	-102.941895
298.000000	-101.008301
302.000000	-99.184570
284.000000	-97.404785
289.000000	-95.756836
278.000000	-94.108887
244.000000	-92.482910
249.000000	-90.944824
216.000000	-89.516602
224.000000	-88.132324
234.000000	-86.835938
216.000000	-85.583496
179.000000	-84.418945
174.000000	-83.342285
157.000000	-82.309570
159.000000	-81.342773
144.000000	-80.419922
152.000000	-79.497070
156.000000	-78.618164
158.000000	-77.739258
152.000000	-76.860352
127.000000	-76.047363
138.000000	-75.212402
129.000000	-74.443359
92.000000	-73.718262
107.000000	-73.037109
119.000000	-72.399902
81.000000	-71.806641
97.000000	-71.235352
78.000000	-70.729980
69.000000	-70.224609
82.000000	-69.741211
78.000000	-69.301758
59.000000	-68.884277
51.000000	-68.466797
50.000000	-68.071289
58.000000	-67.697754
59.000000	-67.302246
61.000000	-66.906738
58.000000	-66.489258
88.000000	-66.071777
79.000000	-65.610352
92.000000	-65.104980
108.000000	-64.555664
109.000000	-63.918457
123.000000	-63.215332
121.000000	-62.446289
146.000000	-61.633301
158.000000	-60.754395
142.000000	-59.853516
146.000000	-58.908691
168.000000	-57.963867
149.000000	-56.997070
163.000000	-56.008301
176.000000	-54.975586
209.000000	-53.898926
205.000000	-52.778320
186.000000	-51.613770
215.000000	-50.405273
218.000000	-49.086914
229.000000	-47.658691
245.000000	-46.186523
278.000000	-44.604492
269.000000	-42.978516
285.000000	-41.308594
302.000000	-39.594727
305.000000	-37.814941
316.000000	-35.947266
361.000000	-33.947754
344.000000	-31.882324
389.000000	-29.750977
360.000000	-27.531738
365.000000	-25.224609
419.000000	-22.851563
412.000000	-20.390625
416.000000	-17.819824
449.000000	-15.161133
474.000000	-12.414551
489.000000	-9.580078
478.000000	-6.679688
524.000000	-3.691406
549.000000	-0.549316
523.000000	2.680664
566.000000	5.976563
577.000000	9.338379
585.000000	12.832031
586.000000	16.413574
626.000000	20.061035
646.000000	23.774414
659.000000	27.663574
674.000000	31.640625
685.000000	35.661621
699.000000	39.748535
673.000000	43.901367
714.000000	48.186035
729.000000	52.558594
778.000000	56.953125
741.000000	61.457520
767.000000	66.005859
827.000000	70.620117
793.000000	75.344238
803.000000	80.156250
810.000000	85.012207
815.000000	89.978027
824.000000	94.943848
838.000000	100.041504
900.000000	105.249023
879.000000	110.434570
904.000000	115.686035
898.000000	121.135254
939.000000	126.584473
935.000000	132.033691
901.000000	137.570801
939.000000	143.085938
953.000000	148.732910
931.000000	154.401855
958.000000	160.136719
1011.000000	165.981445
1009.000000	171.870117
982.000000	-182.219238
996.000000	-176.154785
1039.000000	-170.134277
1012.000000	-164.003906
1035.000000	-157.895508
1041.000000	-151.677246
1057.000000	-145.458984
1063.000000	-139.196777
1080.000000	-132.868652
1066.000000	-126.606445
1045.000000	-120.234375
1039.000000	-113.884277
1046.000000	-107.556152
1076.000000	-101.184082
1018.000000	-94.943848
1045.000000	-88.593750
1047.000000	-82.397461
1049.000000	-76.179199
998.000000	-70.004883
1023.000000	-63.786621
1059.000000	-57.568359
987.000000	-51.503906
973.000000	-45.461426
1016.000000	-39.440918
1021.000000	-33.486328
1009.000000	-27.531738
967.000000	-21.687012
993.000000	-15.798340
989.000000	-9.953613
973.000000	-4.152832
987.000000	1.669922
989.000000	7.382813
923.000000	13.117676
941.000000	18.764648
933.000000	24.301758
966.000000	29.882813
887.000000	35.419922
876.000000	40.825195
935.000000	46.186523
867.000000	51.437988
846.000000	56.645508
860.000000	61.787109
848.000000	66.796875
879.000000	71.762695
838.000000	76.640625
818.000000	81.474609
819.000000	86.198730
762.000000	90.856934
760.000000	95.405273
732.000000	99.931641
731.000000	104.348145
709.000000	108.698730
702.000000	112.917480
723.000000	117.136230
699.000000	121.311035
675.000000	125.375977
653.000000	129.331055
659.000000	133.198242
646.000000	136.977539
625.000000	140.646973
599.000000	144.272461
607.000000	147.810059
577.000000	151.281738
578.000000	154.665527
557.000000	157.983398
547.000000	161.213379
500.000000	164.377441
517.000000	167.519531
506.000000	170.507813
469.000000	173.430176
468.000000	176.330566
473.000000	-180.856934
469.000000	-178.110352
422.000000	-175.451660
443.000000	-172.858887
419.000000	-170.375977
412.000000	-167.937012
385.000000	-165.541992
379.000000	-163.234863
366.000000	-161.015625
345.000000	-158.862305
342.000000	-156.840820
326.000000	-154.863281
339.000000	-152.863770
297.000000	-150.974121
293.000000	-149.150391
299.000000	-147.392578
266.000000	-145.722656
274.000000	-144.140625
264.000000	-142.624512
228.000000	-141.174316
237.000000	-139.746094
225.000000	-138.361816
228.000000	-136.999512
239.000000	-135.637207
214.000000	-134.362793
185.000000	-133.154297
187.000000	-132.033691
173.000000	-130.957031
166.000000	-129.946289
176.000000	-128.957520
169.000000	-128.034668
134.000000	-127.133789
131.000000	-126.276855
139.000000	-125.463867
134.000000	-124.606934
142.000000	-123.728027
156.000000	-122.849121
148.000000	-121.992188
149.000000	-121.157227
136.000000	-120.322266
138.000000	-119.531250
119.000000	-118.806152
123.000000	-118.081055
107.000000	-117.377930
117.000000	-116.696777
92.000000	-116.037598
121.000000	-115.422363
117.000000	-114.763184
109.000000	-114.125977
129.000000	-113.444824
122.000000	-112.785645
109.000000	-112.104492
99.000000	-111.401367
133.000000	-110.676270
136.000000	-109.907227
147.000000	-109.072266
139.000000	-108.193359
166.000000	-107.248535
177.000000	-106.237793
179.000000	-105.205078
185.000000	-104.150391
183.000000	-103.073730
195.000000	-101.953125
196.000000	-100.810547
203.000000	-99.602051
214.000000	-98.393555
227.000000	-97.097168
229.000000	-95.756836
235.000000	-94.328613
266.000000	-92.790527